105.000000 72.000000 99.100000 114.000000
108.000000 75.000000 99.200000 113.000000
110.000000 75.000000 99.200000 111.000000
107.000000 78.000000 99.100000 110.000000
108.000000 74.000000 99.000000 108.000000
110.000000 76.000000 98.800000 105.000000
111.000000 75.000000 98.700000 103.000000
107.000000 78.000000 98.600000 101.000000
102.000000 77.000000 98.500000 99.000000
106.000000 73.000000 98.500000 97.000000
109.000000 74.000000 98.500000 97.000000
106.000000 77.000000 98.400000 97.000000
105.000000 73.000000 98.400000 98.000000
105.000000 72.000000 98.300000 99.000000
104.000000 77.000000 98.100000 101.000000
109.000000 73.000000 98.000000 102.000000
111.000000 76.000000 97.800000 103.000000
110.000000 76.000000 97.700000 103.000000
112.000000 77.000000 97.700000 102.000000
114.000000 78.000000 97.700000 101.000000
111.000000 81.000000 97.700000 99.000000
110.000000 75.000000 97.800000 98.000000
111.000000 76.000000 98.000000 96.000000
109.000000 79.000000 98.100000 94.000000
106.000000 77.000000 98.200000 92.000000
108.000000 73.000000 98.300000 92.000000
110.000000 76.000000 98.300000 91.000000
112.000000 76.000000 98.400000 90.000000
115.000000 78.000000 98.400000 90.000000
111.000000 84.000000 98.400000 90.000000
110.000000 84.000000 98.300000 88.000000
112.000000 86.000000 98.300000 87.000000
116.000000 84.000000 98.200000 86.000000
115.000000 84.000000 98.100000 85.000000
112.000000 87.000000 98.100000 84.000000
108.000000 84.000000 98.100000 83.000000
112.000000 79.000000 98.100000 84.000000
111.000000 84.000000 98.100000 86.000000
110.000000 83.000000 98.100000 88.000000
110.000000 81.000000 98.100000 90.000000
106.000000 79.000000 98.000000 92.000000
102.000000 78.000000 97.900000 94.000000
109.000000 75.000000 97.900000 95.000000
113.000000 78.000000 97.800000 96.000000
111.000000 83.000000 97.700000 95.000000
109.000000 82.000000 97.600000 95.000000
108.000000 78.000000 97.600000 93.000000
112.000000 79.000000 97.700000 91.000000
114.000000 79.000000 97.700000 89.000000
113.000000 85.000000 97.700000 88.000000
111.000000 84.000000 97.700000 87.000000
108.000000 81.000000 97.800000 86.000000
104.000000 80.000000 97.800000 85.000000
108.000000 76.000000 97.800000 86.000000
108.000000 81.000000 97.700000 87.000000
108.000000 80.000000 97.700000 87.000000
111.000000 76.000000 97.600000 88.000000
106.000000 82.000000 97.600000 88.000000
105.000000 79.000000 97.600000 88.000000
108.000000 75.000000 97.500000 88.000000
108.000000 81.000000 97.500000 88.000000
107.000000 81.000000 97.500000 88.000000
104.000000 82.000000 97.500000 87.000000
104.000000 83.000000 97.500000 88.000000
59.000000 59.000000 97.600000 87.000000
108.000000 50.000000 97.600000 87.000000
100.000000 75.000000 97.700000 87.000000
99.000000 85.000000 97.700000 87.000000
98.000000 85.000000 97.800000 87.000000
106.000000 87.000000 97.800000 86.000000
107.000000 89.000000 97.900000 86.000000
104.000000 88.000000 97.900000 86.000000
103.000000 83.000000 97.900000 86.000000
108.000000 89.000000 97.900000 87.000000
113.000000 91.000000 97.900000 87.000000
113.000000 87.000000 97.900000 88.000000
109.000000 91.000000 97.900000 89.000000
110.000000 89.000000 97.900000 90.000000
112.000000 88.000000 97.800000 91.000000
111.000000 86.000000 97.800000 91.000000
108.000000 88.000000 97.800000 90.000000
108.000000 86.000000 97.800000 90.000000
110.000000 86.000000 97.700000 89.000000
110.000000 86.000000 97.700000 89.000000
109.000000 87.000000 97.700000 90.000000
109.000000 87.000000 97.700000 90.000000
110.000000 89.000000 97.800000 91.000000
110.000000 92.000000 97.900000 92.000000
111.000000 91.000000 97.900000 93.000000
113.000000 92.000000 98.000000 93.000000
112.000000 92.000000 98.100000 92.000000
114.000000 92.000000 98.100000 91.000000
116.000000 91.000000 98.200000 90.000000
117.000000 90.000000 98.200000 89.000000
115.000000 87.000000 98.200000 88.000000
115.000000 87.000000 98.200000 88.000000
112.000000 82.000000 98.200000 87.000000
105.000000 80.000000 98.200000 86.000000
95.000000 79.000000 98.200000 86.000000
97.000000 75.000000 98.100000 85.000000
98.000000 76.000000 98.100000 86.000000
110.000000 80.000000 98.000000 86.000000
112.000000 80.000000 98.000000 86.000000
111.000000 86.000000 97.900000 87.000000
116.000000 78.000000 97.900000 88.000000
113.000000 83.000000 97.800000 89.000000
109.000000 81.000000 97.800000 89.000000
103.000000 69.000000 97.800000 89.000000
105.000000 74.000000 97.800000 89.000000
94.000000 76.000000 97.800000 89.000000
94.000000 76.000000 97.800000 88.000000
94.000000 76.000000 97.800000 88.000000
94.000000 76.000000 97.900000 88.000000
94.000000 76.000000 97.900000 89.000000
94.000000 76.000000 98.000000 89.000000
94.000000 76.000000 98.000000 90.000000
93.000000 56.000000 98.000000 91.000000
85.000000 54.000000 98.100000 92.000000
83.000000 54.000000 98.100000 93.000000
84.000000 54.000000 98.000000 94.000000
83.000000 55.000000 98.000000 94.000000
79.000000 58.000000 98.000000 95.000000
84.000000 55.000000 98.000000 95.000000
86.000000 60.000000 98.000000 95.000000
89.000000 60.000000 97.900000 95.000000
120.000000 79.000000 97.800000 95.000000
117.000000 78.000000 97.800000 93.000000
114.000000 77.000000 97.800000 92.000000
112.000000 80.000000 97.800000 90.000000
117.000000 76.000000 97.900000 88.000000
120.000000 78.000000 98.000000 86.000000
119.000000 79.000000 98.100000 84.000000
115.000000 78.000000 98.200000 83.000000
113.000000 77.000000 98.400000 83.000000
117.000000 78.000000 98.500000 83.000000
120.000000 79.000000 98.600000 83.000000
120.000000 81.000000 98.600000 83.000000
116.000000 81.000000 98.700000 84.000000
114.000000 81.000000 98.600000 85.000000
118.000000 80.000000 98.600000 85.000000
121.000000 81.000000 98.500000 86.000000
121.000000 83.000000 98.400000 87.000000
119.000000 83.000000 98.200000 87.000000
116.000000 83.000000 98.000000 87.000000
117.000000 82.000000 97.800000 87.000000
123.000000 84.000000 97.700000 86.000000
126.000000 87.000000 97.600000 86.000000
127.000000 90.000000 97.500000 85.000000
126.000000 88.000000 97.400000 84.000000
123.000000 89.000000 97.300000 84.000000
124.000000 88.000000 97.100000 84.000000
127.000000 88.000000 96.800000 84.000000
130.000000 89.000000 96.500000 84.000000
133.000000 88.000000 96.200000 84.000000
125.000000 86.000000 95.800000 84.000000
118.000000 85.000000 95.500000 85.000000
121.000000 86.000000 95.200000 86.000000
126.000000 86.000000 95.100000 86.000000
128.000000 89.000000 95.100000 86.000000
129.000000 91.000000 95.200000 86.000000
127.000000 89.000000 95.200000 86.000000
124.000000 87.000000 95.400000 86.000000
120.000000 86.000000 95.600000 85.000000
119.000000 86.000000 95.700000 85.000000
123.000000 85.000000 95.900000 84.000000
126.000000 86.000000 96.000000 85.000000
129.000000 88.000000 96.100000 85.000000
127.000000 87.000000 96.200000 85.000000
121.000000 85.000000 96.200000 85.000000
118.000000 84.000000 96.300000 84.000000
120.000000 82.000000 96.300000 84.000000
122.000000 82.000000 96.300000 84.000000
121.000000 82.000000 96.400000 83.000000
117.000000 81.000000 96.300000 83.000000
115.000000 81.000000 96.300000 83.000000
117.000000 80.000000 96.200000 83.000000
120.000000 80.000000 96.200000 83.000000
120.000000 83.000000 96.100000 83.000000
117.000000 83.000000 96.100000 83.000000
117.000000 83.000000 96.000000 83.000000
120.000000 83.000000 96.000000 83.000000
122.000000 84.000000 96.100000 82.000000
122.000000 85.000000 96.100000 82.000000
118.000000 85.000000 96.200000 82.000000
117.000000 83.000000 96.400000 83.000000
119.000000 82.000000 96.500000 83.000000
120.000000 83.000000 96.700000 83.000000
119.000000 83.000000 96.900000 83.000000
116.000000 82.000000 97.000000 83.000000
116.000000 81.000000 97.100000 82.000000
119.000000 81.000000 97.200000 82.000000
120.000000 83.000000 97.100000 82.000000
118.000000 83.000000 97.100000 81.000000
114.000000 82.000000 97.000000 81.000000
114.000000 82.000000 96.800000 81.000000
117.000000 82.000000 96.700000 81.000000
120.000000 84.000000 96.600000 81.000000
120.000000 85.000000 96.500000 81.000000
117.000000 86.000000 96.400000 82.000000
118.000000 85.000000 96.300000 82.000000
121.000000 85.000000 96.300000 82.000000
121.000000 86.000000 96.300000 82.000000
118.000000 85.000000 96.200000 82.000000
116.000000 84.000000 96.200000 83.000000
118.000000 82.000000 96.100000 84.000000
119.000000 82.000000 96.100000 85.000000
117.000000 83.000000 96.100000 87.000000
114.000000 83.000000 96.000000 88.000000
116.000000 83.000000 96.100000 89.000000
120.000000 84.000000 96.300000 91.000000
122.000000 86.000000 96.500000 93.000000
123.000000 88.000000 96.700000 93.000000
118.000000 88.000000 97.000000 93.000000
120.000000 88.000000 97.300000 93.000000
123.000000 88.000000 97.700000 92.000000
125.000000 89.000000 97.900000 91.000000
126.000000 89.000000 98.000000 90.000000
123.000000 87.000000 98.100000 88.000000
118.000000 86.000000 98.200000 87.000000
119.000000 85.000000 98.300000 86.000000
123.000000 85.000000 98.300000 86.000000
126.000000 87.000000 98.300000 86.000000
127.000000 89.000000 98.300000 85.000000
125.000000 88.000000 98.300000 85.000000
121.000000 88.000000 98.300000 84.000000
124.000000 88.000000 98.300000 83.000000
127.000000 88.000000 98.300000 83.000000
129.000000 90.000000 98.300000 83.000000
128.000000 90.000000 98.300000 83.000000
126.000000 89.000000 98.200000 84.000000
124.000000 87.000000 98.200000 85.000000
119.000000 87.000000 98.200000 86.000000
119.000000 86.000000 98.200000 86.000000
124.000000 87.000000 98.200000 86.000000
127.000000 89.000000 98.200000 86.000000
128.000000 91.000000 98.200000 85.000000
126.000000 91.000000 98.300000 84.000000
125.000000 91.000000 98.300000 83.000000
128.000000 91.000000 98.300000 82.000000
137.000000 92.000000 98.300000 82.000000
137.000000 92.000000 98.400000 82.000000
129.000000 91.000000 98.400000 82.000000
134.000000 91.000000 98.400000 83.000000
139.000000 93.000000 98.300000 83.000000
141.000000 93.000000 98.300000 84.000000
133.000000 98.000000 98.300000 84.000000
133.000000 90.000000 98.200000 85.000000
129.000000 92.000000 98.200000 85.000000
122.000000 90.000000 98.200000 86.000000
123.000000 91.000000 98.100000 86.000000
123.000000 88.000000 98.100000 87.000000
128.000000 90.000000 98.100000 88.000000
128.000000 90.000000 98.000000 89.000000
126.000000 88.000000 98.000000 90.000000
120.000000 85.000000 97.900000 91.000000
116.000000 84.000000 97.900000 91.000000
121.000000 85.000000 97.800000 91.000000
126.000000 86.000000 97.700000 90.000000
129.000000 88.000000 97.700000 89.000000
125.000000 87.000000 97.700000 89.000000
122.000000 87.000000 97.700000 88.000000
125.000000 88.000000 97.700000 87.000000
127.000000 87.000000 97.900000 86.000000
128.000000 86.000000 98.000000 85.000000
124.000000 85.000000 98.200000 84.000000
120.000000 84.000000 98.300000 83.000000
122.000000 84.000000 98.400000 83.000000
125.000000 83.000000 98.600000 82.000000
126.000000 83.000000 98.700000 82.000000
121.000000 85.000000 98.700000 82.000000
123.000000 86.000000 98.600000 82.000000
126.000000 85.000000 98.600000 82.000000
127.000000 86.000000 98.600000 82.000000
123.000000 87.000000 98.600000 82.000000
118.000000 89.000000 98.500000 81.000000
110.000000 86.000000 98.500000 81.000000
115.000000 90.000000 98.400000 81.000000
122.000000 87.000000 98.300000 82.000000
122.000000 87.000000 98.200000 83.000000
121.000000 88.000000 98.200000 84.000000
116.000000 86.000000 98.100000 84.000000
111.000000 84.000000 98.000000 84.000000
109.000000 81.000000 98.000000 83.000000
110.000000 81.000000 98.000000 81.000000
114.000000 84.000000 98.000000 79.000000
117.000000 86.000000 98.000000 77.000000
119.000000 88.000000 98.000000 76.000000
119.000000 88.000000 98.000000 76.000000
118.000000 88.000000 98.000000 76.000000
118.000000 88.000000 98.000000 77.000000
120.000000 88.000000 98.000000 78.000000
121.000000 87.000000 98.000000 78.000000
120.000000 85.000000 97.900000 79.000000
116.000000 83.000000 97.900000 78.000000
113.000000 81.000000 97.900000 78.000000
109.000000 80.000000 97.900000 78.000000
109.000000 79.000000 97.800000 79.000000
111.000000 77.000000 97.800000 80.000000
111.000000 78.000000 97.800000 81.000000
111.000000 79.000000 97.700000 82.000000
111.000000 78.000000 97.700000 82.000000
114.000000 79.000000 97.700000 83.000000
118.000000 81.000000 97.700000 83.000000
121.000000 82.000000 97.700000 82.000000
121.000000 82.000000 97.700000 82.000000
119.000000 81.000000 97.700000 81.000000
117.000000 81.000000 97.700000 81.000000
119.000000 80.000000 97.700000 80.000000
118.000000 80.000000 97.700000 80.000000
114.000000 80.000000 97.700000 80.000000
115.000000 80.000000 97.700000 79.000000
119.000000 80.000000 97.700000 79.000000
119.000000 81.000000 97.700000 79.000000
117.000000 81.000000 97.600000 78.000000
118.000000 82.000000 97.600000 78.000000
121.000000 82.000000 97.600000 79.000000
122.000000 84.000000 97.600000 79.000000
123.000000 85.000000 97.500000 80.000000
120.000000 84.000000 97.500000 81.000000
118.000000 85.000000 97.500000 81.000000
119.000000 84.000000 97.500000 82.000000
121.000000 84.000000 97.500000 82.000000
121.000000 84.000000 97.500000 81.000000
119.000000 83.000000 97.600000 81.000000
117.000000 82.000000 97.600000 80.000000
112.000000 81.000000 97.600000 80.000000
114.000000 82.000000 97.600000 81.000000
119.000000 83.000000 97.700000 81.000000
123.000000 86.000000 97.700000 82.000000
124.000000 87.000000 97.700000 82.000000
122.000000 86.000000 97.800000 82.000000
118.000000 84.000000 97.800000 83.000000
116.000000 83.000000 97.800000 82.000000
119.000000 82.000000 97.800000 83.000000
119.000000 82.000000 97.800000 83.000000
118.000000 83.000000 97.800000 84.000000
115.000000 83.000000 97.800000 85.000000
117.000000 84.000000 97.800000 86.000000
121.000000 85.000000 97.800000 87.000000
123.000000 86.000000 97.800000 88.000000
122.000000 86.000000 97.900000 88.000000
119.000000 84.000000 97.900000 89.000000
114.000000 84.000000 97.900000 89.000000
114.000000 82.000000 97.900000 89.000000
116.000000 80.000000 97.900000 90.000000
118.000000 81.000000 97.900000 90.000000
117.000000 82.000000 97.800000 90.000000
115.000000 82.000000 97.800000 90.000000
115.000000 82.000000 97.800000 90.000000
117.000000 81.000000 97.800000 90.000000
119.000000 81.000000 97.800000 89.000000
118.000000 82.000000 97.900000 90.000000
115.000000 84.000000 98.000000 90.000000
115.000000 83.000000 98.100000 90.000000
116.000000 81.000000 98.200000 90.000000
116.000000 81.000000 98.300000 90.000000
115.000000 81.000000 98.300000 90.000000
112.000000 81.000000 98.400000 90.000000
112.000000 81.000000 98.500000 90.000000
116.000000 80.000000 98.500000 90.000000
117.000000 83.000000 98.500000 89.000000
116.000000 84.000000 98.600000 89.000000
116.000000 86.000000 98.600000 89.000000
118.000000 87.000000 98.600000 89.000000
122.000000 88.000000 98.600000 89.000000
122.000000 88.000000 98.600000 88.000000
121.000000 87.000000 98.500000 88.000000
115.000000 83.000000 98.500000 88.000000
113.000000 82.000000 98.500000 88.000000
114.000000 81.000000 98.500000 88.000000
116.000000 81.000000 98.500000 88.000000
117.000000 82.000000 98.500000 88.000000
116.000000 85.000000 98.400000 88.000000
115.000000 84.000000 98.400000 88.000000
117.000000 82.000000 98.400000 88.000000
117.000000 81.000000 98.400000 88.000000
116.000000 82.000000 98.300000 88.000000
114.000000 82.000000 98.300000 88.000000
116.000000 80.000000 98.300000 88.000000
115.000000 79.000000 98.300000 88.000000
111.000000 78.000000 98.200000 88.000000
110.000000 79.000000 98.200000 89.000000
113.000000 79.000000 98.200000 89.000000
116.000000 82.000000 98.200000 89.000000
120.000000 86.000000 98.200000 90.000000
120.000000 88.000000 98.200000 90.000000
119.000000 89.000000 98.100000 90.000000
119.000000 84.000000 98.100000 90.000000
116.000000 82.000000 98.100000 89.000000
113.000000 84.000000 98.100000 89.000000
113.000000 81.000000 98.100000 89.000000
114.000000 79.000000 98.100000 89.000000
111.000000 79.000000 98.100000 90.000000
111.000000 81.000000 98.200000 90.000000
114.000000 81.000000 98.200000 90.000000
117.000000 82.000000 98.300000 91.000000
117.000000 84.000000 98.300000 91.000000
114.000000 84.000000 98.400000 91.000000
114.000000 85.000000 98.400000 91.000000
116.000000 83.000000 98.500000 91.000000
117.000000 82.000000 98.500000 91.000000
117.000000 82.000000 98.500000 91.000000
114.000000 85.000000 98.500000 91.000000
114.000000 82.000000 98.500000 91.000000
115.000000 78.000000 98.500000 90.000000
113.000000 78.000000 98.400000 91.000000
111.000000 80.000000 98.400000 93.000000
112.000000 80.000000 98.200000 95.000000
116.000000 79.000000 98.100000 97.000000
116.000000 82.000000 97.900000 100.000000
116.000000 83.000000 97.700000 102.000000
116.000000 85.000000 97.700000 102.000000
117.000000 83.000000 97.700000 102.000000
117.000000 80.000000 97.500000 105.000000
114.000000 78.000000 97.400000 106.000000
110.000000 78.000000 97.500000 107.000000
110.000000 77.000000 97.700000 106.000000
112.000000 75.000000 98.000000 106.000000
115.000000 77.000000 98.200000 105.000000
115.000000 80.000000 98.500000 103.000000
114.000000 84.000000 98.700000 101.000000
115.000000 86.000000 99.000000 98.000000
118.000000 85.000000 99.000000 95.000000
120.000000 85.000000 99.000000 93.000000
118.000000 84.000000 99.000000 90.000000
114.000000 84.000000 99.000000 88.000000
114.000000 82.000000 98.900000 88.000000
115.000000 78.000000 98.900000 87.000000
113.000000 79.000000 98.800000 87.000000
110.000000 79.000000 98.600000 87.000000
112.000000 80.000000 98.500000 86.000000
116.000000 81.000000 98.200000 85.000000
118.000000 83.000000 98.000000 84.000000
118.000000 84.000000 97.600000 83.000000
116.000000 86.000000 97.300000 81.000000
117.000000 86.000000 97.000000 80.000000
118.000000 84.000000 96.700000 79.000000
118.000000 84.000000 96.300000 78.000000
116.000000 85.000000 96.000000 78.000000
114.000000 82.000000 95.700000 78.000000
114.000000 77.000000 95.500000 78.000000
111.000000 76.000000 95.300000 78.000000
110.000000 78.000000 95.300000 79.000000
111.000000 78.000000 95.400000 79.000000
114.000000 76.000000 95.600000 78.000000
114.000000 79.000000 95.800000 78.000000
114.000000 85.000000 96.000000 78.000000
115.000000 85.000000 96.200000 78.000000
118.000000 83.000000 96.400000 78.000000
118.000000 85.000000 96.500000 77.000000
118.000000 88.000000 96.400000 78.000000
118.000000 87.000000 96.400000 78.000000
118.000000 82.000000 96.400000 79.000000
114.000000 80.000000 96.400000 79.000000
115.000000 83.000000 96.400000 79.000000
117.000000 81.000000 96.400000 79.000000
115.000000 81.000000 96.400000 79.000000
111.000000 79.000000 96.400000 79.000000
110.000000 79.000000 96.400000 79.000000
115.000000 80.000000 96.500000 79.000000
118.000000 83.000000 96.600000 79.000000
119.000000 85.000000 96.700000 79.000000
116.000000 86.000000 96.700000 79.000000
117.000000 86.000000 96.800000 79.000000
120.000000 87.000000 96.900000 79.000000
123.000000 88.000000 96.900000 78.000000
124.000000 91.000000 97.000000 77.000000
123.000000 92.000000 97.000000 77.000000
123.000000 91.000000 97.000000 77.000000
124.000000 91.000000 97.000000 76.000000
127.000000 91.000000 96.900000 76.000000
126.000000 91.000000 96.900000 76.000000
120.000000 88.000000 96.900000 76.000000
118.000000 86.000000 96.900000 77.000000
117.000000 83.000000 97.000000 78.000000
114.000000 82.000000 97.000000 78.000000
109.000000 79.000000 97.000000 79.000000
105.000000 78.000000 97.100000 80.000000
108.000000 78.000000 97.100000 81.000000
114.000000 79.000000 97.200000 82.000000
116.000000 83.000000 97.200000 82.000000
118.000000 85.000000 97.300000 82.000000
117.000000 85.000000 97.400000 82.000000
117.000000 85.000000 97.400000 82.000000
122.000000 85.000000 97.500000 82.000000
125.000000 88.000000 97.600000 82.000000
126.000000 90.000000 97.600000 81.000000
123.000000 91.000000 97.700000 81.000000
122.000000 92.000000 97.800000 81.000000
119.000000 91.000000 98.000000 81.000000
119.000000 89.000000 98.100000 81.000000
120.000000 86.000000 98.200000 82.000000
118.000000 85.000000 98.300000 82.000000
115.000000 83.000000 98.400000 83.000000
112.000000 83.000000 98.500000 83.000000
114.000000 83.000000 98.600000 83.000000
118.000000 84.000000 98.700000 84.000000
121.000000 85.000000 98.800000 84.000000
121.000000 85.000000 98.800000 84.000000
117.000000 83.000000 98.900000 84.000000
113.000000 81.000000 98.900000 84.000000
110.000000 80.000000 98.800000 85.000000
110.000000 80.000000 98.800000 85.000000
110.000000 82.000000 98.800000 85.000000
114.000000 86.000000 98.800000 85.000000
122.000000 87.000000 98.700000 85.000000
127.000000 90.000000 98.700000 85.000000
129.000000 92.000000 98.700000 85.000000
126.000000 90.000000 98.700000 84.000000
119.000000 89.000000 98.700000 83.000000
116.000000 88.000000 98.800000 83.000000
115.000000 84.000000 98.800000 82.000000
119.000000 85.000000 98.800000 82.000000
120.000000 85.000000 98.800000 82.000000
116.000000 85.000000 98.800000 82.000000
113.000000 83.000000 98.800000 82.000000
108.000000 81.000000 98.700000 83.000000
109.000000 81.000000 98.700000 83.000000
113.000000 82.000000 98.700000 84.000000
118.000000 84.000000 98.700000 86.000000
121.000000 86.000000 98.800000 86.000000
120.000000 85.000000 98.800000 88.000000
117.000000 83.000000 98.800000 90.000000
114.000000 81.000000 98.800000 91.000000
109.000000 80.000000 98.800000 92.000000
109.000000 79.000000 98.800000 92.000000
112.000000 81.000000 98.700000 92.000000
121.000000 86.000000 98.700000 91.000000
128.000000 91.000000 98.600000 90.000000
127.000000 90.000000 98.600000 89.000000
122.000000 89.000000 98.600000 88.000000
121.000000 89.000000 98.600000 87.000000
123.000000 87.000000 98.600000 86.000000
123.000000 86.000000 98.600000 86.000000
118.000000 85.000000 98.600000 85.000000
113.000000 82.000000 98.500000 85.000000
109.000000 81.000000 98.500000 85.000000
108.000000 81.000000 98.400000 85.000000
109.000000 80.000000 98.400000 85.000000
110.000000 81.000000 98.400000 85.000000
113.000000 82.000000 98.400000 86.000000
114.000000 83.000000 98.400000 85.000000
114.000000 86.000000 98.400000 85.000000
116.000000 85.000000 98.500000 84.000000
117.000000 86.000000 98.600000 83.000000
119.000000 86.000000 98.600000 82.000000
122.000000 89.000000 98.700000 81.000000
123.000000 89.000000 98.800000 80.000000
122.000000 88.000000 98.800000 80.000000
120.000000 86.000000 98.800000 79.000000
117.000000 85.000000 98.900000 80.000000
116.000000 84.000000 98.900000 80.000000
114.000000 82.000000 98.900000 80.000000
114.000000 83.000000 99.000000 80.000000
117.000000 83.000000 99.000000 80.000000
118.000000 85.000000 99.000000 80.000000
122.000000 89.000000 99.000000 80.000000
122.000000 89.000000 99.000000 80.000000
123.000000 87.000000 99.000000 80.000000
123.000000 86.000000 99.000000 81.000000
120.000000 85.000000 99.000000 81.000000
117.000000 86.000000 99.000000 82.000000
114.000000 86.000000 99.000000 82.000000
