160.500000 75.500000 99.300000 83.000000
163.500000 66.000000 99.400000 82.000000
143.000000 63.000000 99.350000 80.500000
138.000000 65.500000 99.250000 79.500000
155.500000 65.500000 99.200000 78.500000
157.333333 70.666667 99.250000 76.500000
162.500000 72.000000 99.500000 74.500000
194.500000 85.500000 99.800000 73.000000
188.333333 75.333333 99.950000 73.000000
166.500000 62.500000 99.950000 74.500000
149.500000 57.000000 99.900000 76.000000
148.333333 67.333333 99.800000 79.000000
161.500000 75.000000 99.650000 80.500000
152.000000 66.500000 99.600000 78.000000
146.333333 63.333333 99.500000 72.500000
138.000000 61.500000 99.500000 66.500000
145.000000 70.000000 99.450000 67.000000
148.666667 66.666667 99.350000 69.500000
156.500000 70.500000 99.300000 71.500000
170.500000 73.000000 99.200000 72.000000
175.000000 75.000000 99.300000 71.000000
175.000000 75.000000 99.300000 71.000000
175.000000 75.000000 99.300000 70.500000
155.500000 65.500000 99.300000 71.000000
157.500000 66.000000 99.200000 72.000000
158.000000 70.000000 99.300000 73.000000
160.500000 76.000000 99.350000 74.000000
159.500000 71.500000 99.450000 74.000000
135.333333 64.666667 99.450000 74.000000
136.000000 69.000000 99.350000 73.000000
140.500000 75.000000 99.300000 71.500000
144.666667 78.000000 99.250000 70.500000
147.000000 82.500000 99.450000 69.000000
139.000000 79.000000 99.700000 69.000000
130.333333 72.000000 99.900000 70.000000
139.000000 77.500000 99.850000 71.500000
153.500000 82.500000 99.700000 73.000000
164.666667 83.000000 99.550000 73.000000
164.000000 82.000000 99.400000 71.500000
135.000000 76.500000 99.250000 69.500000
134.000000 80.333333 99.000000 69.000000
138.000000 94.000000 98.600000 69.500000
145.333333 84.000000 98.150000 71.500000
144.500000 70.000000 97.650000 73.500000
118.500000 62.000000 97.200000 74.500000
147.333333 74.000000 96.900000 72.000000
142.500000 64.000000 96.650000 68.500000
136.500000 68.500000 96.500000 66.500000
133.000000 70.666667 96.250000 67.000000
125.000000 69.000000 96.050000 67.500000
126.000000 70.000000 96.100000 67.500000
128.000000 74.666667 96.850000 69.500000
129.500000 76.500000 98.600000 72.000000
150.000000 81.000000 99.650000 74.500000
157.333333 79.000000 100.000000 75.500000
168.000000 74.000000 99.950000 77.500000
160.500000 65.000000 99.600000 78.000000
155.666667 67.666667 99.250000 75.500000
153.500000 65.000000 98.950000 72.500000
170.000000 83.000000 98.750000 70.500000
183.333333 88.333333 98.650000 70.000000
153.500000 67.500000 98.800000 70.000000
158.666667 66.000000 99.200000 69.500000
174.000000 77.500000 99.500000 69.000000
174.500000 84.000000 99.850000 69.000000
140.333333 65.666667 99.900000 70.500000
141.500000 67.500000 99.800000 72.000000
145.500000 75.000000 99.650000 73.000000
144.666667 75.666667 99.350000 73.000000
125.000000 69.500000 99.150000 72.500000
125.500000 66.000000 98.950000 71.500000
127.666667 67.333333 98.900000 71.000000
119.500000 61.000000 98.950000 70.500000
122.000000 72.000000 99.150000 70.000000
139.333333 74.333333 99.450000 69.500000
126.000000 67.000000 99.750000 68.000000
133.500000 67.500000 99.850000 66.500000
139.333333 72.666667 99.800000 65.500000
154.500000 66.000000 99.800000 65.000000
141.500000 69.500000 99.750000 65.000000
137.666667 70.000000 99.650000 65.000000
157.000000 73.000000 99.450000 66.000000
155.000000 80.000000 99.250000 66.000000
149.333333 72.666667 99.100000 68.000000
150.500000 74.000000 99.100000 70.500000
136.333333 68.333333 99.100000 72.500000
125.000000 73.000000 99.100000 74.000000
126.500000 70.500000 99.050000 72.500000
127.666667 75.000000 98.800000 70.500000
132.000000 77.000000 98.450000 70.500000
134.500000 73.000000 98.150000 71.500000
140.666667 72.666667 97.900000 72.000000
130.000000 67.500000 97.900000 71.500000
136.000000 72.000000 97.950000 69.500000
133.666667 70.000000 98.000000 67.000000
125.000000 66.000000 98.100000 66.000000
125.000000 66.000000 98.500000 65.000000
125.000000 66.000000 98.900000 65.000000
125.000000 68.500000 99.250000 66.500000
126.000000 61.500000 99.350000 68.500000
141.000000 60.666667 99.250000 70.000000
151.000000 65.000000 99.200000 72.500000
157.500000 69.000000 99.200000 73.500000
178.666667 76.333333 99.200000 74.000000
166.000000 78.000000 99.250000 74.000000
141.666667 78.000000 99.300000 73.000000
133.000000 78.000000 99.200000 72.000000
129.000000 78.000000 99.150000 71.500000
130.666667 78.000000 98.950000 71.000000
125.500000 78.000000 98.900000 72.500000
129.500000 78.000000 99.050000 74.500000
140.666667 69.333333 99.350000 74.500000
148.500000 64.000000 99.600000 73.500000
137.000000 60.000000 99.800000 71.000000
123.000000 56.000000 99.700000 69.000000
142.500000 68.000000 99.550000 69.000000
159.000000 76.000000 99.250000 69.000000
155.666667 68.000000 98.950000 69.000000
153.500000 64.000000 98.650000 70.000000
162.500000 70.000000 98.350000 71.000000
174.333333 79.000000 98.000000 72.000000
177.500000 81.000000 97.650000 73.500000
141.000000 68.500000 97.350000 75.000000
140.333333 64.333333 97.050000 76.000000
150.500000 69.500000 96.750000 75.500000
151.000000 62.333333 96.400000 73.500000
163.000000 66.000000 95.900000 73.000000
164.000000 72.000000 95.500000 74.500000
145.666667 68.333333 95.450000 75.500000
147.500000 67.500000 96.250000 77.000000
169.500000 70.000000 97.450000 77.000000
177.000000 74.000000 98.650000 77.000000
169.500000 64.500000 99.500000 76.000000
178.000000 71.000000 99.600000 76.000000
169.666667 60.666667 99.400000 75.500000
170.500000 65.500000 98.950000 75.000000
180.000000 69.500000 98.500000 75.000000
165.333333 66.000000 98.150000 75.000000
167.000000 70.500000 98.100000 75.000000
182.000000 83.000000 98.050000 75.000000
177.000000 78.666667 98.300000 75.000000
157.500000 59.000000 98.600000 72.000000
153.500000 52.000000 98.850000 69.000000
182.666667 52.000000 98.900000 65.500000
174.500000 52.000000 98.800000 64.000000
173.500000 61.000000 98.800000 64.000000
168.666667 56.000000 98.850000 66.500000
158.500000 45.500000 99.100000 70.000000
160.333333 45.333333 99.500000 74.000000
174.000000 50.500000 99.850000 76.500000
155.000000 44.500000 100.000000 78.000000
157.333333 49.333333 99.850000 78.000000
162.500000 57.500000 99.550000 78.000000
138.000000 47.500000 99.500000 77.500000
162.000000 56.333333 99.500000 77.000000
172.500000 67.500000 99.650000 75.500000
168.500000 57.000000 99.700000 74.500000
173.000000 63.333333 99.650000 73.500000
171.500000 62.000000 99.550000 73.000000
139.500000 51.500000 99.500000 73.500000
141.000000 55.000000 99.600000 74.000000
158.500000 62.500000 99.650000 72.000000
163.000000 53.500000 99.750000 69.500000
156.666667 52.333333 99.850000 68.000000
156.500000 57.500000 99.900000 69.000000
160.500000 57.000000 99.900000 72.000000
126.666667 53.666667 99.900000 74.000000
108.000000 51.000000 99.900000 73.500000
114.000000 57.000000 99.850000 71.500000
127.000000 70.500000 99.800000 70.000000
143.500000 74.500000 99.700000 70.000000
147.333333 70.666667 99.450000 70.000000
127.500000 58.000000 99.250000 68.500000
121.000000 57.500000 99.050000 66.500000
126.333333 64.333333 99.000000 65.500000
134.500000 72.000000 99.050000 66.500000
135.000000 69.000000 99.100000 67.000000
132.333333 63.000000 99.200000 66.500000
123.000000 56.500000 99.200000 66.000000
132.500000 68.500000 99.050000 67.000000
144.000000 76.000000 98.600000 66.500000
162.500000 76.000000 98.100000 65.000000
130.500000 62.500000 97.500000 63.500000
126.000000 62.666667 97.000000 63.500000
135.000000 69.500000 96.850000 66.000000
143.000000 78.000000 97.000000 68.500000
150.333333 78.666667 97.500000 70.500000
139.500000 86.000000 98.050000 72.500000
156.333333 83.333333 98.450000 76.000000
167.000000 70.500000 98.600000 79.500000
167.000000 66.000000 98.650000 81.500000
158.666667 72.000000 98.500000 83.000000
155.500000 71.000000 98.400000 84.000000
144.000000 71.000000 98.350000 84.000000
170.333333 81.333333 98.300000 82.000000
174.500000 91.500000 98.250000 79.500000
169.500000 86.000000 98.200000 77.500000
166.333333 82.000000 98.250000 77.000000
177.500000 87.500000 98.150000 77.000000
185.000000 94.500000 97.950000 75.000000
184.666667 88.333333 97.600000 71.000000
182.500000 79.000000 97.250000 67.000000
167.500000 71.000000 97.100000 64.000000
182.000000 83.000000 97.000000 63.500000
183.000000 73.500000 96.950000 65.500000
176.000000 69.000000 97.200000 68.500000
188.000000 62.666667 97.900000 70.500000
182.500000 56.000000 98.700000 73.000000
182.000000 50.000000 99.500000 74.500000
179.333333 51.000000 99.850000 77.500000
176.000000 45.500000 99.900000 80.000000
164.666667 47.666667 99.900000 82.500000
128.000000 52.500000 99.900000 82.000000
122.000000 43.000000 100.000000 80.000000
122.000000 42.666667 100.000000 79.000000
122.000000 47.500000 100.000000 79.000000
122.000000 54.000000 100.000000 79.500000
138.000000 46.000000 99.900000 81.000000
160.000000 51.000000 99.750000 80.000000
175.000000 51.000000 99.450000 78.500000
165.333333 48.666667 99.300000 77.000000
151.000000 47.500000 99.300000 73.500000
162.500000 44.000000 99.450000 72.000000
136.000000 47.333333 99.700000 70.500000
149.500000 50.500000 99.700000 71.000000
144.500000 58.500000 99.600000 72.000000
160.000000 53.333333 99.600000 73.000000
169.000000 56.000000 99.600000 73.000000
143.500000 57.000000 99.700000 72.500000
165.333333 58.666667 99.700000 71.500000
195.500000 59.000000 99.600000 70.000000
179.666667 53.333333 99.600000 69.000000
164.500000 48.000000 99.650000 69.000000
178.500000 57.500000 99.800000 69.500000
169.000000 58.333333 99.950000 70.000000
171.500000 57.500000 100.000000 70.000000
174.500000 60.500000 100.000000 70.500000
181.000000 57.666667 100.000000 71.000000
173.000000 50.500000 100.000000 71.500000
176.000000 52.000000 100.000000 72.000000
178.666667 53.666667 100.000000 72.000000
160.500000 49.500000 100.000000 72.000000
177.500000 57.500000 100.000000 73.500000
183.000000 58.000000 100.000000 75.000000
183.000000 58.000000 100.000000 76.000000
179.000000 53.000000 100.000000 75.500000
171.666667 55.666667 99.900000 73.500000
172.500000 52.500000 99.850000 72.000000
165.500000 60.500000 99.800000 70.500000
178.666667 58.000000 99.800000 68.500000
162.000000 52.500000 99.800000 67.500000
175.000000 57.000000 99.850000 65.500000
170.500000 57.500000 99.900000 64.500000
174.500000 61.500000 99.900000 64.000000
177.000000 65.333333 100.000000 63.500000
161.500000 56.000000 100.000000 63.000000
170.500000 53.500000 99.900000 63.000000
169.666667 60.000000 99.850000 63.500000
178.500000 61.000000 99.750000 64.500000
169.000000 58.500000 99.700000 65.500000
160.000000 57.000000 99.800000 68.000000
175.500000 58.500000 99.800000 70.500000
164.000000 59.500000 99.900000 71.500000
158.333333 54.333333 100.000000 72.000000
160.000000 55.000000 100.000000 71.000000
158.000000 53.000000 100.000000 70.500000
158.000000 53.000000 100.000000 69.000000
158.000000 53.000000 100.000000 67.500000
165.500000 53.000000 100.000000 66.500000
163.000000 47.000000 99.900000 66.000000
158.000000 50.000000 99.950000 66.000000
165.500000 48.000000 100.000000 66.000000
155.333333 44.000000 100.000000 65.000000
152.500000 45.000000 100.000000 66.500000
160.333333 50.333333 100.000000 67.500000
154.500000 45.500000 99.950000 69.500000
151.000000 43.500000 99.750000 70.500000
155.666667 46.333333 99.700000 72.000000
152.000000 40.500000 99.750000 72.000000
151.500000 45.500000 99.950000 72.000000
164.666667 45.000000 100.000000 72.000000
163.000000 49.000000 100.000000 73.000000
162.000000 51.000000 100.000000 74.000000
156.000000 45.333333 100.000000 75.000000
156.000000 44.000000 100.000000 74.000000
159.500000 50.500000 100.000000 73.000000
158.000000 55.000000 99.950000 73.000000
162.000000 52.500000 99.850000 74.000000
156.500000 47.500000 99.750000 74.000000
152.666667 52.666667 99.650000 74.000000
161.000000 56.000000 99.700000 73.500000
161.000000 56.000000 99.650000 72.000000
152.666667 56.000000 99.600000 70.500000
150.500000 56.000000 99.600000 70.000000
163.000000 60.333333 99.600000 70.000000
159.500000 62.500000 99.650000 70.500000
160.500000 56.500000 99.800000 71.000000
150.666667 62.000000 99.900000 70.000000
168.500000 68.500000 100.000000 70.000000
171.500000 68.500000 100.000000 70.000000
164.000000 64.666667 100.000000 70.500000
170.500000 60.000000 100.000000 72.000000
166.500000 68.500000 99.950000 73.000000
170.666667 65.666667 99.900000 73.000000
170.500000 58.000000 99.800000 72.000000
154.500000 53.000000 99.800000 71.000000
164.666667 59.666667 99.650000 68.500000
172.000000 61.000000 99.300000 67.500000
171.000000 65.500000 99.000000 67.500000
169.333333 60.666667 98.750000 68.000000
165.000000 57.500000 98.850000 68.500000
169.000000 58.000000 99.150000 69.500000
173.333333 67.333333 99.500000 71.500000
162.500000 64.500000 99.700000 73.500000
159.000000 60.000000 99.800000 74.500000
159.000000 60.000000 99.900000 73.500000
166.500000 60.000000 99.950000 71.500000
167.333333 63.666667 100.000000 70.000000
158.000000 47.500000 100.000000 70.500000
152.000000 46.000000 100.000000 72.000000
153.000000 41.000000 99.850000 71.500000
170.000000 41.000000 99.600000 70.000000
162.000000 41.000000 99.600000 69.000000
148.333333 45.000000 99.650000 71.500000
149.500000 50.500000 99.800000 74.000000
155.500000 50.500000 99.650000 74.000000
155.333333 54.000000 99.500000 72.000000
156.000000 55.000000 99.500000 70.500000
167.500000 64.500000 99.750000 71.000000
167.666667 60.000000 99.950000 72.000000
160.000000 52.500000 100.000000 71.500000
159.000000 48.500000 100.000000 71.500000
143.333333 43.333333 100.000000 74.000000
146.500000 46.000000 100.000000 76.500000
170.500000 46.000000 100.000000 78.500000
156.333333 48.333333 100.000000 77.500000
158.000000 49.500000 100.000000 75.500000
145.333333 50.000000 100.000000 72.500000
153.500000 45.000000 100.000000 71.500000
168.500000 45.000000 99.850000 69.500000
149.000000 49.333333 99.300000 68.500000
151.000000 47.000000 98.750000 67.500000
143.000000 50.000000 98.150000 67.000000
159.666667 59.666667 97.700000 65.500000
162.000000 54.000000 97.400000 63.500000
137.000000 44.000000 97.450000 61.500000
161.333333 44.000000 97.950000 61.000000
143.500000 50.000000 98.650000 61.500000
130.000000 47.000000 99.150000 63.500000
145.000000 44.000000 99.350000 65.000000
157.000000 48.000000 99.400000 65.500000
152.500000 44.500000 99.500000 65.500000
141.333333 40.333333 99.500000 66.500000
153.500000 47.000000 99.600000 68.000000
135.000000 56.500000 99.550000 68.000000
152.666667 52.333333 99.500000 67.500000
149.500000 48.000000 99.450000 65.500000
131.000000 46.000000 99.350000 64.500000
131.000000 46.000000 99.300000 63.500000
131.000000 46.000000 99.200000 63.500000
143.333333 44.333333 99.200000 65.000000
152.000000 45.000000 99.200000 66.500000
144.000000 48.000000 99.200000 67.000000
146.666667 51.666667 99.150000 66.500000
150.500000 58.000000 99.100000 65.500000
168.500000 55.500000 99.050000 65.000000
158.333333 53.000000 99.000000 65.500000
146.000000 53.500000 99.000000 66.000000
163.500000 60.000000 99.000000 66.500000
165.333333 64.666667 99.100000 66.000000
156.500000 55.500000 99.250000 65.000000
152.000000 43.000000 99.450000 64.500000
146.000000 45.666667 99.550000 66.500000
149.000000 49.500000 99.600000 68.000000
146.000000 52.500000 99.600000 67.000000
151.000000 57.000000 99.600000 67.000000
162.500000 61.000000 99.600000 67.000000
157.333333 62.000000 99.600000 67.000000
149.000000 49.500000 99.600000 67.000000
140.000000 47.000000 99.600000 67.000000
148.333333 52.666667 99.600000 67.000000
139.500000 51.000000 99.600000 65.500000
140.500000 52.500000 99.500000 62.500000
152.333333 56.333333 99.350000 61.000000
151.000000 51.000000 99.150000 61.500000
140.000000 44.000000 99.100000 63.500000
158.333333 49.000000 99.150000 65.000000
149.500000 49.000000 99.350000 65.500000
162.500000 49.000000 99.500000 65.500000
154.666667 52.333333 99.500000 65.000000
149.000000 50.000000 99.400000 64.000000
162.000000 50.000000 99.250000 64.000000
166.333333 50.000000 99.200000 65.500000
166.500000 50.000000 99.200000 67.000000
169.000000 50.000000 99.200000 68.500000
162.333333 50.000000 99.200000 67.500000
170.500000 50.000000 99.200000 65.500000
168.000000 50.000000 99.100000 64.000000
170.666667 50.000000 99.100000 63.000000
161.000000 50.000000 99.050000 64.000000
133.333333 59.000000 98.950000 64.000000
124.500000 59.500000 98.800000 65.000000
132.500000 68.500000 98.550000 65.500000
137.500000 70.500000 98.350000 66.500000
144.500000 67.000000 98.150000 68.000000
136.000000 63.500000 98.000000 69.500000
141.333333 64.333333 97.900000 70.500000
144.500000 67.500000 97.900000 71.000000
152.000000 65.000000 97.950000 73.500000
152.000000 65.000000 98.150000 75.500000
152.000000 65.000000 98.500000 77.500000
152.000000 65.000000 98.800000 76.500000
162.333333 60.666667 99.000000 73.500000
158.500000 62.000000 99.150000 70.500000
159.500000 58.500000 99.300000 69.500000
167.000000 61.500000 99.450000 70.000000
124.000000 73.500000 99.450000 71.000000
123.500000 69.000000 99.200000 72.000000
115.000000 62.666667 98.750000 72.000000
113.500000 62.500000 98.350000 72.000000
118.666667 70.333333 98.050000 72.000000
129.000000 81.000000 97.950000 72.000000
129.500000 77.500000 97.850000 72.000000
127.333333 78.666667 97.650000 72.000000
126.500000 75.500000 97.300000 72.000000
126.000000 75.500000 96.900000 72.000000
130.000000 78.000000 96.650000 72.000000
129.000000 77.000000 96.550000 72.500000
126.500000 79.500000 96.600000 74.000000
128.666667 77.333333 96.600000 75.500000
132.500000 81.000000 96.600000 75.000000
130.000000 78.000000 96.600000 73.000000
130.000000 78.000000 96.600000 72.000000
130.000000 78.000000 96.550000 70.000000
130.000000 78.000000 96.600000 68.000000
135.333333 84.333333 96.750000 68.000000
135.000000 87.000000 97.050000 68.000000
139.000000 86.000000 97.350000 68.000000
141.333333 84.333333 97.650000 68.000000
144.500000 87.500000 97.750000 68.000000
144.333333 86.333333 97.900000 68.500000
146.000000 90.500000 97.750000 70.000000
153.000000 97.500000 97.150000 71.500000
152.666667 98.333333 96.450000 72.000000
146.000000 91.000000 96.050000 71.000000
142.000000 85.000000 95.950000 71.500000
141.666667 84.000000 96.150000 72.500000
145.000000 88.000000 96.300000 73.000000
143.500000 85.500000 96.350000 70.000000
146.333333 90.000000 96.400000 67.000000
148.000000 90.500000 96.450000 63.500000
147.000000 86.000000 96.600000 62.000000
141.333333 80.666667 96.750000 62.500000
140.000000 83.500000 96.950000 63.500000
149.500000 94.500000 97.100000 64.000000
152.333333 86.333333 97.100000 64.000000
144.000000 80.000000 97.500000 65.500000
136.000000 73.500000 97.900000 67.000000
130.333333 68.666667 98.250000 68.500000
134.000000 72.500000 98.450000 70.000000
135.500000 75.500000 98.200000 69.000000
133.000000 76.333333 97.700000 67.500000
137.500000 78.500000 97.100000 67.000000
140.000000 84.666667 96.500000 68.500000
148.000000 89.500000 96.550000 71.500000
144.500000 86.500000 97.200000 72.000000
143.000000 83.000000 98.050000 71.000000
143.500000 80.500000 98.300000 70.000000
136.500000 76.000000 98.800000 68.500000
133.000000 74.666667 99.150000 66.000000
134.000000 75.500000 99.200000 66.000000
133.000000 81.000000 99.350000 65.000000
133.000000 77.000000 99.450000 65.000000
127.500000 68.000000 99.550000 65.000000
124.500000 69.000000 99.600000 64.500000
125.333333 71.666667 99.700000 64.000000
128.000000 76.000000 99.650000 63.000000
132.000000 75.000000 99.600000 63.000000
128.666667 73.666667 99.600000 62.500000
129.000000 71.500000 99.550000 63.000000
130.000000 74.500000 99.500000 63.000000
129.333333 73.666667 99.400000 63.000000
127.500000 69.500000 99.300000 63.000000
124.666667 68.000000 99.150000 64.000000
126.000000 69.000000 99.100000 64.000000
126.000000 69.000000 99.100000 64.000000
126.000000 69.000000 98.850000 71.000000
127.000000 72.000000 98.700000 72.500000
126.000000 74.500000 98.700000 70.500000
128.666667 75.000000 98.700000 69.000000
125.000000 81.500000 98.750000 69.000000
134.000000 83.500000 98.950000 69.000000
143.666667 82.000000 99.150000 69.500000
136.000000 76.000000 99.100000 67.500000
140.000000 80.500000 99.150000 67.000000
139.000000 77.000000 99.250000 68.500000
136.500000 73.500000 99.450000 71.000000
128.500000 69.000000 99.600000 73.500000
129.000000 69.000000 99.750000 75.000000
127.500000 71.000000 99.800000 75.000000
129.500000 70.000000 99.900000 74.000000
132.666667 77.333333 99.850000 73.000000
135.500000 80.500000 99.800000 71.500000
134.000000 78.333333 99.700000 69.500000
129.500000 76.500000 99.600000 67.500000
130.500000 75.500000 99.550000 65.500000
123.666667 69.333333 99.600000 65.000000
121.000000 68.500000 99.650000 65.000000
124.000000 72.000000 99.700000 65.000000
118.333333 66.666667 99.700000 66.500000
112.500000 63.000000 99.600000 68.500000
107.500000 64.000000 99.500000 70.500000
111.666667 68.000000 99.400000 70.500000
111.500000 69.500000 99.450000 68.500000
114.000000 73.000000 99.500000 66.500000
125.000000 75.333333 99.500000 66.000000
127.000000 79.500000 99.500000 65.000000
133.500000 79.000000 99.500000 65.000000
131.333333 77.666667 99.550000 66.000000
132.000000 77.500000 99.600000 66.500000
127.000000 74.000000 99.550000 67.500000
126.666667 72.000000 99.450000 68.000000
126.500000 71.500000 99.250000 68.000000
128.500000 74.500000 99.150000 67.500000
127.333333 73.333333 99.250000 66.500000
121.500000 70.000000 99.350000 66.000000
116.333333 73.000000 99.400000 66.000000
110.000000 75.500000 99.500000 66.000000
107.500000 77.000000 99.500000 67.000000
113.000000 78.666667 99.350000 68.000000
103.500000 76.500000 99.300000 68.000000
106.500000 74.000000 99.300000 69.000000
103.000000 74.666667 99.300000 68.000000
99.500000 70.500000 99.350000 66.500000
96.000000 70.500000 99.400000 66.000000
96.500000 68.000000 99.400000 66.000000
95.000000 67.000000 99.400000 66.000000
95.000000 67.000000 99.300000 66.000000
94.333333 65.666667 99.150000 66.500000
98.500000 71.500000 99.100000 68.500000
102.000000 72.000000 99.050000 70.500000
100.666667 73.000000 99.000000 72.500000
101.500000 74.000000 98.900000 71.500000
101.000000 72.500000 98.900000 70.500000
99.333333 74.000000 98.950000 69.500000
100.000000 72.500000 99.100000 69.000000
102.666667 74.000000 99.250000 68.500000
103.500000 77.000000 99.250000 66.500000
106.500000 81.000000 99.050000 64.500000
109.666667 81.666667 98.900000 64.000000
109.500000 79.000000 98.900000 64.500000
109.000000 76.500000 99.100000 66.000000
106.333333 75.666667 99.350000 66.500000
105.500000 79.000000 99.400000 66.000000
109.000000 80.000000 99.400000 66.000000
109.333333 79.333333 99.350000 66.000000
111.500000 79.000000 99.300000 66.000000
117.500000 81.000000 99.200000 66.000000
115.000000 82.666667 99.250000 66.000000
117.500000 82.000000 99.300000 65.500000
114.000000 81.500000 99.400000 66.500000
120.333333 80.666667 99.450000 67.000000
110.000000 77.500000 99.450000 67.500000
118.500000 76.500000 99.350000 66.500000
117.000000 84.000000 99.300000 66.000000
114.000000 78.500000 99.200000 66.000000
124.666667 83.666667 99.300000 66.500000
112.000000 78.500000 99.350000 67.500000
115.000000 80.000000 99.450000 68.000000
118.000000 85.000000 99.500000 69.000000
118.500000 82.000000 99.500000 68.000000
114.500000 80.500000 99.500000 68.500000
113.000000 80.000000 99.400000 69.000000
115.000000 81.000000 99.300000 70.000000
115.000000 81.000000 99.250000 69.000000
115.000000 81.000000 99.300000 67.500000
111.500000 79.000000 99.300000 67.000000
118.000000 81.000000 99.300000 67.500000
112.000000 76.666667 99.200000 69.500000
106.500000 73.500000 99.200000 69.500000
110.500000 78.500000 99.200000 67.500000
128.000000 87.333333 99.200000 66.500000
133.500000 90.500000 99.200000 65.000000
127.500000 83.000000 99.150000 65.500000
111.333333 77.000000 99.100000 67.000000
109.500000 71.500000 99.100000 67.500000
123.333333 83.666667 99.100000 68.000000
