151.000000 86.000000 98.800000 142.000000
132.000000 104.000000 98.600000 140.000000
147.000000 87.000000 98.400000 137.000000
142.000000 77.000000 98.100000 136.000000
153.000000 92.000000 97.900000 134.000000
141.000000 80.000000 97.600000 132.000000
158.000000 93.000000 97.300000 130.000000
146.000000 82.000000 97.100000 129.000000
159.000000 93.000000 96.900000 128.000000
148.000000 80.000000 96.600000 127.000000
154.000000 92.000000 96.300000 127.000000
144.000000 79.000000 96.100000 126.000000
159.000000 94.000000 95.700000 126.000000
150.000000 81.000000 95.500000 126.000000
151.000000 85.000000 95.100000 126.000000
150.000000 84.000000 95.000000 126.000000
158.000000 96.000000 94.700000 126.000000
152.000000 86.000000 94.600000 125.000000
147.000000 84.000000 94.400000 125.000000
148.000000 95.000000 94.300000 125.000000
145.000000 83.000000 94.300000 125.000000
154.000000 97.000000 94.300000 125.000000
147.000000 82.000000 94.400000 124.000000
144.000000 83.000000 94.600000 124.000000
149.000000 92.000000 94.800000 123.000000
138.000000 83.000000 95.000000 122.000000
124.000000 92.000000 95.300000 122.000000
123.000000 95.000000 95.500000 121.000000
124.000000 94.000000 95.800000 121.000000
126.000000 93.000000 96.000000 120.000000
123.000000 93.000000 96.300000 120.000000
120.000000 92.000000 96.400000 119.000000
122.000000 92.000000 96.700000 119.000000
124.000000 91.000000 96.800000 118.000000
123.000000 91.000000 97.100000 118.000000
117.000000 90.000000 97.200000 117.000000
116.000000 89.000000 97.500000 116.000000
116.000000 88.000000 97.600000 116.000000
115.000000 87.000000 97.800000 116.000000
114.000000 87.000000 97.900000 116.000000
115.000000 87.000000 98.000000 115.000000
111.000000 86.000000 98.100000 115.000000
106.000000 85.000000 98.200000 114.000000
110.000000 85.000000 98.100000 113.000000
113.000000 85.000000 98.100000 113.000000
114.000000 87.000000 98.100000 112.000000
112.000000 87.000000 98.100000 112.000000
115.000000 89.000000 98.100000 112.000000
121.000000 89.000000 98.000000 111.000000
120.000000 91.000000 98.100000 111.000000
119.000000 92.000000 98.100000 111.000000
121.000000 92.000000 98.100000 110.000000
119.000000 91.000000 98.100000 110.000000
115.000000 90.000000 98.100000 109.000000
114.000000 89.000000 98.100000 109.000000
112.000000 88.000000 98.100000 109.000000
109.000000 86.000000 98.100000 108.000000
109.000000 86.000000 98.100000 106.000000
111.000000 87.000000 98.100000 105.000000
112.000000 88.000000 98.100000 104.000000
111.000000 89.000000 98.100000 103.000000
111.000000 89.000000 98.000000 103.000000
116.000000 90.000000 98.000000 103.000000
119.000000 91.000000 98.000000 103.000000
117.000000 93.000000 98.000000 104.000000
118.000000 92.000000 98.100000 105.000000
117.000000 92.000000 98.100000 106.000000
117.000000 91.000000 98.100000 106.000000
111.000000 90.000000 98.200000 107.000000
110.000000 89.000000 98.200000 106.000000
111.000000 88.000000 98.300000 106.000000
111.000000 88.000000 98.400000 106.000000
107.000000 88.000000 98.500000 106.000000
108.000000 89.000000 98.600000 105.000000
110.000000 89.000000 98.700000 105.000000
114.000000 90.000000 98.700000 105.000000
114.000000 91.000000 98.700000 105.000000
115.000000 93.000000 98.700000 106.000000
121.000000 94.000000 98.700000 106.000000
121.000000 94.000000 98.700000 107.000000
119.000000 94.000000 98.600000 107.000000
121.000000 94.000000 98.600000 108.000000
123.000000 94.000000 98.600000 108.000000
123.000000 95.000000 98.600000 108.000000
118.000000 93.000000 98.700000 107.000000
116.000000 93.000000 98.700000 106.000000
117.000000 91.000000 98.800000 105.000000
113.000000 91.000000 98.800000 104.000000
109.000000 89.000000 98.900000 103.000000
109.000000 88.000000 99.000000 102.000000
110.000000 87.000000 99.000000 102.000000
110.000000 88.000000 99.000000 102.000000
109.000000 89.000000 99.100000 103.000000
111.000000 89.000000 99.100000 103.000000
116.000000 90.000000 99.100000 103.000000
119.000000 93.000000 99.000000 104.000000
120.000000 95.000000 99.000000 104.000000
121.000000 96.000000 99.000000 104.000000
124.000000 96.000000 99.000000 104.000000
128.000000 97.000000 99.000000 104.000000
126.000000 98.000000 99.000000 104.000000
125.000000 98.000000 99.100000 104.000000
126.000000 97.000000 99.100000 103.000000
124.000000 96.000000 99.200000 102.000000
121.000000 95.000000 99.200000 101.000000
