95.000000 72.000000 97.800000 135.000000
92.000000 71.000000 97.700000 134.000000
100.000000 70.000000 97.600000 134.000000
104.000000 71.000000 97.600000 133.000000
105.000000 74.000000 97.600000 132.000000
100.000000 72.000000 97.600000 131.000000
94.000000 70.000000 97.700000 133.000000
96.000000 68.000000 97.600000 133.000000
103.000000 68.000000 97.600000 132.000000
102.000000 71.000000 97.600000 132.000000
99.000000 70.000000 97.500000 131.000000
89.000000 69.000000 97.500000 130.000000
88.000000 67.000000 97.600000 129.000000
92.000000 66.000000 97.600000 128.000000
95.000000 68.000000 97.700000 127.000000
95.000000 69.000000 97.800000 127.000000
91.000000 68.000000 98.000000 126.000000
87.000000 67.000000 98.100000 125.000000
90.000000 67.000000 98.200000 124.000000
94.000000 68.000000 98.200000 123.000000
96.000000 70.000000 98.300000 122.000000
93.000000 70.000000 98.400000 122.000000
89.000000 69.000000 98.400000 121.000000
92.000000 67.000000 98.500000 121.000000
105.000000 67.000000 98.500000 120.000000
103.000000 69.000000 98.600000 120.000000
99.000000 67.000000 98.600000 120.000000
105.000000 68.000000 98.600000 119.000000
114.000000 72.000000 98.700000 119.000000
115.000000 73.000000 98.700000 118.000000
91.000000 49.000000 98.700000 118.000000
81.000000 52.000000 98.600000 117.000000
76.000000 51.000000 98.600000 117.000000
84.000000 45.000000 98.600000 117.000000
105.000000 67.000000 98.600000 117.000000
109.000000 71.000000 98.600000 117.000000
111.000000 74.000000 98.600000 117.000000
111.000000 74.000000 98.700000 116.000000
52.000000 18.000000 98.700000 116.000000
64.000000 34.000000 98.800000 115.000000
67.000000 41.000000 98.800000 114.000000
74.000000 43.000000 98.800000 113.000000
105.000000 66.000000 98.800000 113.000000
75.000000 42.000000 98.800000 113.000000
75.000000 47.000000 98.800000 112.000000
72.000000 46.000000 98.800000 112.000000
89.000000 45.000000 98.800000 111.000000
78.000000 46.000000 98.800000 111.000000
78.000000 50.000000 98.700000 111.000000
73.000000 48.000000 98.700000 111.000000
90.000000 46.000000 98.700000 111.000000
73.000000 45.000000 98.600000 111.000000
75.000000 48.000000 98.600000 111.000000
72.000000 49.000000 98.600000 111.000000
89.000000 48.000000 98.500000 112.000000
64.000000 44.000000 98.500000 112.000000
71.000000 49.000000 98.500000 112.000000
96.000000 51.000000 98.500000 112.000000
75.000000 51.000000 98.500000 112.000000
74.000000 54.000000 98.600000 111.000000
91.000000 50.000000 98.600000 111.000000
105.000000 73.000000 98.600000 110.000000
114.000000 80.000000 98.600000 108.000000
116.000000 83.000000 98.500000 107.000000
107.000000 84.000000 98.500000 106.000000
98.000000 76.000000 98.500000 106.000000
98.000000 73.000000 98.500000 106.000000
99.000000 74.000000 98.400000 106.000000
96.000000 73.000000 98.400000 106.000000
91.000000 71.000000 98.400000 106.000000
90.000000 69.000000 98.400000 106.000000
91.000000 69.000000 98.400000 106.000000
92.000000 70.000000 98.500000 106.000000
90.000000 70.000000 98.500000 105.000000
88.000000 69.000000 98.500000 105.000000
90.000000 69.000000 98.500000 105.000000
94.000000 70.000000 98.600000 104.000000
