72.000000 48.000000 99.500000 159.000000
80.000000 54.000000 99.500000 157.000000
83.000000 58.000000 99.500000 156.000000
81.000000 57.000000 99.500000 155.000000
74.000000 50.000000 99.400000 154.000000
67.000000 44.000000 99.300000 153.000000
66.000000 44.000000 99.200000 151.000000
71.000000 46.000000 99.000000 150.000000
73.000000 49.000000 98.900000 149.000000
75.000000 51.000000 98.700000 148.000000
66.000000 45.000000 98.500000 147.000000
61.000000 39.000000 98.300000 146.000000
61.000000 39.000000 98.200000 145.000000
70.000000 45.000000 98.100000 145.000000
71.000000 48.000000 98.100000 144.000000
69.000000 50.000000 98.000000 144.000000
55.000000 41.000000 98.000000 143.000000
55.000000 39.000000 98.000000 143.000000
61.000000 38.000000 98.000000 143.000000
62.000000 40.000000 98.000000 143.000000
78.000000 53.000000 98.000000 142.000000
79.000000 55.000000 98.000000 141.000000
69.000000 48.000000 98.000000 140.000000
64.000000 43.000000 98.100000 139.000000
63.000000 40.000000 98.100000 139.000000
67.000000 44.000000 98.100000 138.000000
72.000000 47.000000 98.200000 138.000000
71.000000 46.000000 98.200000 138.000000
63.000000 37.000000 98.200000 138.000000
57.000000 31.000000 98.100000 138.000000
60.000000 34.000000 98.000000 138.000000
67.000000 40.000000 98.000000 137.000000
71.000000 44.000000 97.900000 136.000000
67.000000 40.000000 97.800000 136.000000
62.000000 37.000000 97.800000 135.000000
59.000000 40.000000 97.900000 135.000000
59.000000 39.000000 98.000000 134.000000
62.000000 36.000000 98.100000 134.000000
64.000000 40.000000 98.200000 135.000000
63.000000 46.000000 98.300000 135.000000
62.000000 39.000000 98.400000 135.000000
52.000000 34.000000 98.400000 135.000000
54.000000 35.000000 98.400000 134.000000
61.000000 36.000000 98.500000 133.000000
76.000000 50.000000 98.500000 131.000000
93.000000 67.000000 98.500000 130.000000
90.000000 64.000000 98.600000 129.000000
86.000000 63.000000 98.600000 128.000000
91.000000 66.000000 98.700000 127.000000
95.000000 73.000000 98.700000 127.000000
111.000000 78.000000 98.700000 127.000000
112.000000 78.000000 98.800000 127.000000
95.000000 71.000000 98.800000 126.000000
94.000000 69.000000 98.800000 126.000000
94.000000 68.000000 98.800000 125.000000
94.000000 69.000000 98.700000 124.000000
97.000000 71.000000 98.700000 123.000000
91.000000 66.000000 98.700000 123.000000
84.000000 59.000000 98.700000 122.000000
79.000000 55.000000 98.600000 123.000000
81.000000 57.000000 98.600000 124.000000
86.000000 57.000000 98.600000 125.000000
86.000000 61.000000 98.600000 125.000000
93.000000 67.000000 98.600000 126.000000
90.000000 65.000000 98.600000 127.000000
86.000000 62.000000 98.600000 127.000000
83.000000 60.000000 98.700000 127.000000
75.000000 60.000000 98.700000 126.000000
73.000000 59.000000 98.800000 126.000000
82.000000 57.000000 98.800000 125.000000
81.000000 59.000000 98.800000 125.000000
92.000000 68.000000 98.900000 124.000000
93.000000 69.000000 98.900000 123.000000
97.000000 71.000000 98.900000 122.000000
110.000000 77.000000 98.900000 121.000000
111.000000 77.000000 98.900000 121.000000
93.000000 68.000000 98.900000 120.000000
91.000000 66.000000 98.800000 119.000000
90.000000 63.000000 98.800000 118.000000
90.000000 65.000000 98.800000 118.000000
95.000000 68.000000 98.800000 117.000000
87.000000 61.000000 98.800000 117.000000
83.000000 58.000000 98.700000 117.000000
81.000000 55.000000 98.700000 117.000000
81.000000 55.000000 98.700000 117.000000
83.000000 57.000000 98.700000 117.000000
84.000000 58.000000 98.600000 117.000000
