95.000000 74.000000 97.700000 141.000000
95.000000 75.000000 97.600000 140.000000
96.000000 76.000000 97.400000 139.000000
97.000000 72.000000 97.400000 138.000000
94.000000 71.000000 97.300000 137.000000
95.000000 75.000000 97.300000 136.000000
95.000000 75.000000 97.300000 135.000000
92.000000 73.000000 97.400000 135.000000
93.000000 71.000000 97.400000 134.000000
95.000000 72.000000 97.400000 133.000000
97.000000 76.000000 97.500000 133.000000
97.000000 77.000000 97.500000 132.000000
95.000000 76.000000 97.600000 131.000000
94.000000 73.000000 97.700000 130.000000
96.000000 74.000000 97.800000 129.000000
97.000000 76.000000 97.900000 128.000000
97.000000 77.000000 98.000000 128.000000
95.000000 76.000000 98.100000 128.000000
93.000000 73.000000 98.200000 127.000000
94.000000 73.000000 98.300000 127.000000
96.000000 76.000000 98.400000 126.000000
96.000000 76.000000 98.500000 126.000000
94.000000 75.000000 98.500000 125.000000
92.000000 72.000000 98.600000 125.000000
93.000000 71.000000 98.700000 124.000000
96.000000 72.000000 98.700000 124.000000
95.000000 74.000000 98.800000 123.000000
94.000000 75.000000 98.800000 123.000000
92.000000 72.000000 98.800000 123.000000
94.000000 73.000000 98.800000 123.000000
97.000000 77.000000 98.800000 123.000000
95.000000 74.000000 98.700000 122.000000
93.000000 74.000000 98.700000 122.000000
95.000000 74.000000 98.700000 122.000000
96.000000 77.000000 98.700000 122.000000
95.000000 77.000000 98.700000 121.000000
93.000000 74.000000 98.700000 121.000000
93.000000 73.000000 98.700000 121.000000
95.000000 74.000000 98.700000 120.000000
95.000000 76.000000 98.700000 120.000000
93.000000 75.000000 98.700000 121.000000
92.000000 72.000000 98.700000 121.000000
95.000000 75.000000 98.700000 120.000000
95.000000 75.000000 98.700000 120.000000
94.000000 74.000000 98.600000 119.000000
95.000000 76.000000 98.600000 119.000000
94.000000 76.000000 98.500000 118.000000
96.000000 72.000000 98.500000 118.000000
97.000000 77.000000 98.500000 117.000000
95.000000 76.000000 98.400000 117.000000
92.000000 74.000000 98.400000 116.000000
94.000000 74.000000 98.400000 115.000000
97.000000 76.000000 98.400000 115.000000
98.000000 78.000000 98.500000 114.000000
96.000000 75.000000 98.500000 114.000000
94.000000 74.000000 98.500000 114.000000
96.000000 75.000000 98.500000 114.000000
96.000000 76.000000 98.500000 114.000000
95.000000 75.000000 98.500000 114.000000
93.000000 74.000000 98.500000 114.000000
94.000000 73.000000 98.500000 114.000000
96.000000 75.000000 98.500000 113.000000
95.000000 74.000000 98.500000 113.000000
93.000000 74.000000 98.500000 112.000000
92.000000 73.000000 98.500000 112.000000
93.000000 73.000000 98.500000 112.000000
95.000000 74.000000 98.500000 112.000000
95.000000 75.000000 98.500000 112.000000
94.000000 74.000000 98.500000 112.000000
95.000000 75.000000 98.500000 112.000000
97.000000 76.000000 98.500000 112.000000
97.000000 73.000000 98.500000 111.000000
95.000000 74.000000 98.500000 110.000000
96.000000 75.000000 98.500000 110.000000
95.000000 76.000000 98.500000 109.000000
94.000000 73.000000 98.500000 109.000000
96.000000 74.000000 98.500000 108.000000
95.000000 75.000000 98.500000 108.000000
94.000000 75.000000 98.500000 108.000000
93.000000 74.000000 98.600000 108.000000
96.000000 74.000000 98.600000 108.000000
96.000000 76.000000 98.600000 108.000000
96.000000 76.000000 98.600000 107.000000
93.000000 74.000000 98.600000 107.000000
94.000000 74.000000 98.600000 107.000000
