123.000000 76.000000 98.600000 74.000000
121.000000 75.000000 98.600000 74.000000
120.000000 75.000000 98.500000 74.000000
120.000000 64.000000 98.500000 73.000000
120.000000 54.000000 98.500000 72.000000
101.000000 57.000000 98.500000 72.000000
111.000000 59.000000 98.400000 71.000000
107.000000 55.000000 98.400000 70.000000
115.000000 66.000000 98.400000 70.000000
120.000000 68.000000 98.400000 70.000000
118.000000 70.000000 98.400000 70.000000
123.000000 73.000000 98.400000 70.000000
122.000000 71.000000 98.500000 71.000000
118.000000 71.000000 98.500000 71.000000
121.000000 70.000000 98.600000 71.000000
118.000000 70.000000 98.600000 72.000000
115.000000 70.000000 98.600000 72.000000
118.000000 68.000000 98.600000 72.000000
119.000000 70.000000 98.600000 72.000000
121.000000 71.000000 98.600000 72.000000
118.000000 72.000000 98.600000 72.000000
116.000000 72.000000 98.600000 72.000000
120.000000 72.000000 98.600000 72.000000
123.000000 73.000000 98.600000 72.000000
120.000000 73.000000 98.500000 72.000000
119.000000 73.000000 98.500000 72.000000
123.000000 72.000000 98.500000 72.000000
123.000000 74.000000 98.500000 72.000000
120.000000 74.000000 98.600000 72.000000
120.000000 74.000000 98.600000 72.000000
120.000000 74.000000 98.700000 71.000000
120.000000 74.000000 98.700000 71.000000
120.000000 74.000000 98.800000 71.000000
120.000000 74.000000 98.900000 71.000000
120.000000 74.000000 98.900000 71.000000
120.000000 73.000000 99.000000 71.000000
117.000000 74.000000 99.000000 72.000000
117.000000 74.000000 99.000000 72.000000
117.000000 73.000000 99.000000 72.000000
117.000000 74.000000 99.000000 72.000000
117.000000 74.000000 99.000000 73.000000
118.000000 74.000000 99.000000 74.000000
119.000000 75.000000 99.100000 74.000000
117.000000 74.000000 99.100000 75.000000
119.000000 74.000000 99.100000 76.000000
117.000000 73.000000 99.100000 77.000000
116.000000 73.000000 99.100000 78.000000
118.000000 76.000000 99.000000 78.000000
115.000000 74.000000 99.000000 77.000000
111.000000 71.000000 99.000000 77.000000
107.000000 73.000000 98.900000 76.000000
113.000000 73.000000 98.800000 75.000000
118.000000 73.000000 98.800000 74.000000
119.000000 75.000000 98.700000 73.000000
117.000000 74.000000 98.600000 73.000000
117.000000 73.000000 98.500000 73.000000
112.000000 69.000000 98.400000 73.000000
107.000000 70.000000 98.300000 73.000000
107.000000 71.000000 98.200000 72.000000
114.000000 70.000000 98.100000 72.000000
115.000000 71.000000 98.100000 72.000000
114.000000 70.000000 98.000000 72.000000
109.000000 69.000000 98.000000 72.000000
107.000000 70.000000 98.000000 72.000000
114.000000 70.000000 98.000000 72.000000
109.000000 68.000000 98.000000 72.000000
104.000000 69.000000 98.100000 72.000000
110.000000 70.000000 98.100000 72.000000
114.000000 71.000000 98.100000 72.000000
112.000000 71.000000 98.100000 73.000000
106.000000 69.000000 98.100000 73.000000
111.000000 72.000000 98.100000 74.000000
117.000000 73.000000 98.200000 75.000000
112.000000 70.000000 98.200000 74.000000
111.000000 71.000000 98.200000 74.000000
112.000000 69.000000 98.300000 74.000000
112.000000 69.000000 98.300000 73.000000
112.000000 69.000000 98.500000 73.000000
107.000000 69.000000 98.600000 72.000000
111.000000 69.000000 98.700000 72.000000
114.000000 70.000000 98.800000 73.000000
113.000000 69.000000 98.900000 73.000000
107.000000 70.000000 99.000000 74.000000
108.000000 73.000000 99.100000 74.000000
117.000000 74.000000 99.100000 74.000000
116.000000 74.000000 99.000000 74.000000
118.000000 74.000000 99.000000 74.000000
114.000000 73.000000 99.000000 73.000000
111.000000 71.000000 99.000000 73.000000
110.000000 70.000000 98.900000 73.000000
108.000000 68.000000 98.900000 73.000000
111.000000 68.000000 99.000000 73.000000
108.000000 69.000000 99.000000 73.000000
111.000000 70.000000 99.000000 73.000000
111.000000 71.000000 99.000000 73.000000
109.000000 71.000000 99.100000 73.000000
110.000000 72.000000 99.100000 73.000000
110.000000 72.000000 99.000000 73.000000
114.000000 73.000000 99.000000 72.000000
111.000000 69.000000 98.900000 72.000000
113.000000 71.000000 98.800000 72.000000
113.000000 72.000000 98.700000 72.000000
113.000000 71.000000 98.700000 72.000000
113.000000 71.000000 98.500000 73.000000
113.000000 72.000000 98.300000 74.000000
113.000000 71.000000 98.100000 75.000000
112.000000 69.000000 98.000000 76.000000
113.000000 69.000000 97.700000 77.000000
112.000000 71.000000 97.500000 78.000000
113.000000 70.000000 97.200000 78.000000
114.000000 71.000000 97.000000 78.000000
114.000000 71.000000 96.800000 77.000000
113.000000 70.000000 96.600000 77.000000
112.000000 70.000000 96.400000 77.000000
114.000000 70.000000 96.300000 77.000000
114.000000 71.000000 96.100000 77.000000
114.000000 70.000000 96.000000 77.000000
114.000000 71.000000 95.900000 78.000000
114.000000 70.000000 95.800000 78.000000
111.000000 67.000000 95.800000 78.000000
112.000000 67.000000 95.800000 79.000000
110.000000 68.000000 95.900000 79.000000
112.000000 68.000000 96.100000 79.000000
112.000000 68.000000 96.400000 79.000000
112.000000 68.000000 96.700000 79.000000
112.000000 68.000000 96.700000 79.000000
112.000000 68.000000 96.700000 79.000000
112.000000 68.000000 97.000000 78.000000
112.000000 68.000000 97.200000 78.000000
112.000000 68.000000 97.500000 78.000000
112.000000 68.000000 97.600000 77.000000
116.000000 68.000000 97.800000 77.000000
117.000000 72.000000 97.900000 77.000000
113.000000 66.000000 98.000000 76.000000
108.000000 66.000000 98.100000 75.000000
110.000000 71.000000 98.200000 74.000000
116.000000 71.000000 98.200000 73.000000
115.000000 69.000000 98.300000 72.000000
111.000000 68.000000 98.400000 71.000000
109.000000 68.000000 98.400000 70.000000
111.000000 69.000000 98.400000 70.000000
114.000000 69.000000 98.500000 70.000000
111.000000 68.000000 98.600000 71.000000
104.000000 68.000000 98.600000 71.000000
107.000000 69.000000 98.700000 71.000000
113.000000 70.000000 98.700000 72.000000
110.000000 68.000000 98.700000 72.000000
105.000000 68.000000 98.800000 72.000000
106.000000 69.000000 98.800000 72.000000
114.000000 72.000000 98.800000 73.000000
112.000000 72.000000 98.800000 73.000000
112.000000 72.000000 98.800000 73.000000
109.000000 71.000000 98.700000 73.000000
114.000000 72.000000 98.700000 74.000000
115.000000 69.000000 98.700000 74.000000
113.000000 69.000000 98.600000 75.000000
111.000000 69.000000 98.600000 76.000000
114.000000 68.000000 98.500000 76.000000
112.000000 68.000000 98.500000 76.000000
111.000000 70.000000 98.400000 76.000000
114.000000 72.000000 98.300000 75.000000
118.000000 74.000000 98.200000 74.000000
119.000000 74.000000 98.100000 73.000000
118.000000 73.000000 98.100000 72.000000
116.000000 74.000000 98.000000 72.000000
119.000000 74.000000 98.000000 72.000000
122.000000 71.000000 98.000000 72.000000
120.000000 68.000000 98.100000 72.000000
118.000000 67.000000 98.100000 72.000000
114.000000 66.000000 98.100000 72.000000
118.000000 64.000000 98.100000 72.000000
114.000000 65.000000 98.200000 73.000000
108.000000 66.000000 98.200000 73.000000
112.000000 67.000000 98.200000 74.000000
115.000000 66.000000 98.200000 76.000000
111.000000 66.000000 98.200000 77.000000
110.000000 67.000000 98.200000 78.000000
114.000000 67.000000 98.100000 78.000000
113.000000 68.000000 98.000000 78.000000
110.000000 67.000000 98.000000 78.000000
105.000000 68.000000 97.900000 77.000000
107.000000 69.000000 97.900000 77.000000
113.000000 70.000000 97.800000 77.000000
106.000000 66.000000 97.900000 77.000000
105.000000 68.000000 98.000000 77.000000
108.000000 68.000000 98.200000 77.000000
111.000000 71.000000 98.400000 77.000000
104.000000 65.000000 98.600000 76.000000
102.000000 67.000000 98.700000 76.000000
107.000000 69.000000 98.900000 75.000000
104.000000 71.000000 98.900000 75.000000
103.000000 70.000000 99.000000 74.000000
103.000000 71.000000 99.000000 73.000000
107.000000 72.000000 99.000000 73.000000
112.000000 74.000000 99.100000 73.000000
112.000000 74.000000 99.100000 72.000000
112.000000 74.000000 99.100000 72.000000
112.000000 74.000000 99.000000 72.000000
112.000000 74.000000 99.000000 72.000000
112.000000 74.000000 98.900000 72.000000
112.000000 74.000000 98.800000 72.000000
112.000000 74.000000 98.700000 72.000000
119.000000 67.000000 98.700000 72.000000
111.000000 71.000000 98.600000 72.000000
110.000000 72.000000 98.500000 72.000000
111.000000 74.000000 98.400000 72.000000
117.000000 75.000000 98.300000 72.000000
117.000000 75.000000 98.200000 72.000000
114.000000 74.000000 98.100000 72.000000
116.000000 75.000000 98.100000 73.000000
119.000000 74.000000 98.000000 73.000000
119.000000 74.000000 97.900000 73.000000
113.000000 71.000000 97.900000 73.000000
109.000000 71.000000 97.900000 73.000000
110.000000 70.000000 97.900000 73.000000
109.000000 70.000000 97.800000 73.000000
107.000000 72.000000 97.800000 74.000000
109.000000 74.000000 97.800000 74.000000
117.000000 75.000000 97.700000 74.000000
120.000000 76.000000 97.700000 74.000000
124.000000 76.000000 97.700000 74.000000
125.000000 75.000000 97.700000 74.000000
124.000000 74.000000 97.700000 74.000000
122.000000 74.000000 97.700000 74.000000
117.000000 72.000000 97.600000 75.000000
114.000000 73.000000 97.600000 75.000000
116.000000 72.000000 97.600000 75.000000
117.000000 73.000000 97.600000 75.000000
114.000000 72.000000 97.500000 75.000000
112.000000 73.000000 97.500000 75.000000
116.000000 72.000000 97.500000 74.000000
119.000000 73.000000 97.500000 74.000000
117.000000 73.000000 97.500000 73.000000
114.000000 73.000000 97.600000 73.000000
115.000000 71.000000 97.600000 73.000000
116.000000 70.000000 97.600000 73.000000
114.000000 69.000000 97.700000 73.000000
111.000000 71.000000 97.700000 73.000000
113.000000 69.000000 97.800000 73.000000
114.000000 70.000000 97.800000 73.000000
109.000000 69.000000 97.800000 73.000000
107.000000 69.000000 97.900000 73.000000
111.000000 69.000000 97.900000 73.000000
109.000000 69.000000 97.900000 74.000000
106.000000 68.000000 97.900000 74.000000
107.000000 69.000000 97.900000 75.000000
111.000000 71.000000 97.800000 75.000000
111.000000 72.000000 97.800000 75.000000
109.000000 72.000000 97.800000 75.000000
104.000000 69.000000 97.800000 75.000000
107.000000 69.000000 97.800000 74.000000
111.000000 70.000000 97.800000 73.000000
111.000000 71.000000 97.800000 73.000000
105.000000 67.000000 97.700000 72.000000
106.000000 70.000000 97.700000 72.000000
109.000000 73.000000 97.700000 72.000000
112.000000 73.000000 97.700000 72.000000
110.000000 71.000000 97.600000 72.000000
105.000000 72.000000 97.600000 72.000000
106.000000 71.000000 97.700000 72.000000
110.000000 71.000000 97.700000 72.000000
112.000000 72.000000 97.700000 72.000000
107.000000 71.000000 97.700000 72.000000
104.000000 71.000000 97.800000 72.000000
107.000000 71.000000 97.800000 72.000000
111.000000 72.000000 97.800000 72.000000
109.000000 73.000000 97.800000 72.000000
106.000000 70.000000 97.800000 72.000000
106.000000 72.000000 97.800000 71.000000
109.000000 72.000000 97.800000 71.000000
109.000000 72.000000 97.800000 71.000000
107.000000 72.000000 97.800000 71.000000
106.000000 72.000000 97.900000 70.000000
110.000000 72.000000 97.800000 71.000000
112.000000 74.000000 97.800000 71.000000
109.000000 71.000000 97.800000 72.000000
106.000000 73.000000 97.800000 72.000000
109.000000 72.000000 97.700000 73.000000
109.000000 72.000000 97.700000 74.000000
109.000000 72.000000 97.600000 74.000000
109.000000 72.000000 97.600000 74.000000
109.000000 72.000000 97.600000 74.000000
109.000000 72.000000 97.600000 74.000000
113.000000 70.000000 97.500000 74.000000
108.000000 67.000000 97.500000 74.000000
107.000000 65.000000 97.500000 75.000000
110.000000 67.000000 97.500000 75.000000
112.000000 68.000000 97.500000 75.000000
108.000000 66.000000 97.500000 76.000000
105.000000 65.000000 97.500000 76.000000
107.000000 65.000000 97.500000 76.000000
108.000000 64.000000 97.500000 77.000000
104.000000 64.000000 97.400000 77.000000
103.000000 65.000000 97.400000 77.000000
107.000000 65.000000 97.400000 77.000000
105.000000 64.000000 97.400000 76.000000
102.000000 65.000000 97.400000 76.000000
104.000000 66.000000 97.400000 75.000000
106.000000 66.000000 97.400000 75.000000
103.000000 67.000000 97.500000 74.000000
105.000000 67.000000 97.500000 74.000000
105.000000 67.000000 97.600000 74.000000
102.000000 65.000000 97.700000 74.000000
99.000000 65.000000 97.700000 74.000000
103.000000 66.000000 97.800000 74.000000
