144.000000 56.000000 99.200000 135.000000
131.000000 58.000000 99.200000 134.000000
136.000000 63.000000 99.200000 134.000000
139.000000 59.000000 99.200000 132.000000
145.000000 62.000000 99.100000 130.000000
192.000000 69.000000 99.100000 126.000000
145.000000 76.000000 99.100000 122.000000
130.000000 51.000000 99.100000 118.000000
130.000000 58.000000 99.100000 114.000000
114.000000 67.000000 99.100000 110.000000
117.000000 72.000000 99.100000 108.000000
125.000000 67.000000 99.100000 106.000000
138.000000 61.000000 99.100000 106.000000
138.000000 64.000000 98.900000 106.000000
133.000000 80.000000 98.800000 107.000000
125.000000 79.000000 98.600000 106.000000
128.000000 79.000000 98.400000 104.000000
130.000000 81.000000 98.300000 103.000000
119.000000 82.000000 98.100000 102.000000
131.000000 65.000000 97.900000 100.000000
123.000000 70.000000 97.900000 99.000000
127.000000 77.000000 97.800000 98.000000
157.000000 37.000000 97.700000 99.000000
133.000000 23.000000 97.700000 99.000000
142.000000 55.000000 97.700000 99.000000
129.000000 66.000000 97.600000 98.000000
126.000000 82.000000 97.500000 98.000000
112.000000 67.000000 97.400000 97.000000
125.000000 72.000000 97.300000 96.000000
135.000000 78.000000 97.200000 96.000000
132.000000 75.000000 97.100000 95.000000
136.000000 72.000000 97.000000 95.000000
147.000000 70.000000 97.000000 95.000000
143.000000 81.000000 96.900000 94.000000
129.000000 74.000000 96.900000 95.000000
121.000000 66.000000 97.000000 95.000000
122.000000 63.000000 97.000000 95.000000
122.000000 63.000000 97.000000 95.000000
120.000000 63.000000 97.000000 94.000000
112.000000 84.000000 97.100000 94.000000
122.000000 66.000000 97.100000 94.000000
130.000000 64.000000 97.200000 94.000000
132.000000 80.000000 97.200000 94.000000
131.000000 74.000000 97.300000 94.000000
118.000000 79.000000 97.400000 94.000000
113.000000 83.000000 97.400000 94.000000
120.000000 64.000000 97.500000 93.000000
129.000000 69.000000 97.600000 92.000000
128.000000 72.000000 97.600000 91.000000
126.000000 72.000000 97.600000 90.000000
126.000000 72.000000 97.700000 88.000000
126.000000 73.000000 97.700000 87.000000
127.000000 74.000000 97.800000 86.000000
130.000000 75.000000 97.900000 85.000000
129.000000 77.000000 97.900000 85.000000
126.000000 78.000000 97.900000 85.000000
124.000000 79.000000 98.000000 86.000000
126.000000 84.000000 98.000000 87.000000
128.000000 93.000000 97.900000 88.000000
130.000000 82.000000 97.900000 89.000000
131.000000 77.000000 97.800000 90.000000
129.000000 79.000000 97.800000 91.000000
124.000000 78.000000 97.700000 92.000000
121.000000 76.000000 97.700000 92.000000
120.000000 76.000000 97.600000 92.000000
120.000000 76.000000 97.600000 92.000000
118.000000 78.000000 97.700000 92.000000
117.000000 70.000000 97.700000 92.000000
116.000000 67.000000 97.700000 92.000000
117.000000 65.000000 97.800000 92.000000
120.000000 63.000000 97.800000 92.000000
123.000000 66.000000 97.900000 91.000000
125.000000 69.000000 97.900000 91.000000
126.000000 69.000000 98.000000 90.000000
127.000000 65.000000 98.000000 89.000000
129.000000 63.000000 98.100000 89.000000
130.000000 63.000000 98.200000 88.000000
129.000000 63.000000 98.200000 88.000000
125.000000 80.000000 98.300000 88.000000
132.000000 71.000000 98.400000 89.000000
132.000000 70.000000 98.400000 89.000000
133.000000 68.000000 98.400000 90.000000
133.000000 70.000000 98.500000 90.000000
133.000000 69.000000 98.500000 91.000000
135.000000 71.000000 98.500000 91.000000
135.000000 73.000000 98.500000 91.000000
134.000000 73.000000 98.400000 90.000000
132.000000 72.000000 98.400000 90.000000
130.000000 66.000000 98.400000 90.000000
