133.483543 75.420557
132.729178 74.809887
131.377489 74.409932
130.025800 74.473730
128.674110 74.537529
127.322421 74.601328
126.460949 74.665126
127.121668 74.728925
127.782386 74.824375
128.443104 74.935440
129.103823 75.046504
129.764541 75.157568
130.032291 75.268633
129.782814 75.379697
129.533338 75.255156
129.283861 75.106525
129.034384 74.957893
128.784908 74.809261
128.535431 74.660630
128.285955 74.511998
128.036478 74.540748
127.821241 74.696439
127.943182 74.852130
128.065122 75.007821
128.187062 75.163512
128.309003 75.319203
128.430943 75.474894
128.552883 75.630585
128.674823 74.715010
128.796764 73.730483
128.918704 72.745956
131.050898 71.761429
133.204685 70.776902
135.358472 70.597519
137.512260 70.458411
139.666047 70.319304
141.819834 70.180196
143.973621 70.041088
146.127408 69.901980
148.281196 69.762872
147.055229 69.623765
145.107978 69.484657
143.160728 69.345549
141.213478 69.206441
139.266227 69.067333
137.318977 68.928226
135.371727 68.789118
133.497681 68.650010
131.630715 68.510902
129.763749 67.628805
127.896784 66.683525
126.029818 65.738246
127.970473 64.792967
131.341475 63.847687
134.712478 62.400172
138.083480 60.943081
141.454483 59.485989
141.466605 58.028897
134.110036 56.571806
126.753467 55.114714
119.396898 53.657623
112.040329 52.200531
106.642921 50.743440
107.446459 49.286348
108.249996 47.829256
109.053533 46.457652
109.857071 46.155684
110.660608 45.853715
111.464145 45.551746
110.775923 45.249778
109.390812 44.947809
108.005701 44.645841
106.620590 44.343872
105.235479 43.700612
104.525190 42.999339
106.158834 42.298066
107.792477 41.596793
109.426120 40.895519
111.059763 41.549616
112.693406 42.343394
114.327050 43.137172
115.960693 43.930949
117.594336 44.724727
118.457378 45.518505
117.280874 46.312283
116.104369 47.106061
114.927865 47.450721
113.751361 47.195473
112.574856 46.940224
111.398352 46.684976
110.221848 46.429728
111.062839 46.174479
112.631462 45.919231
114.200085 45.663983
115.768708 45.408735
117.337331 45.070817
118.024818 44.361913
116.914581 43.653010
115.804343 42.944106
114.694105 42.235202
113.583867 41.526298
112.473629 40.817395
111.363392 40.862780
110.253154 41.766860
109.142916 42.670940
108.032678 43.575020
110.516764 44.479100
113.328216 45.383179
116.139669 46.287259
118.951121 45.928662
121.762574 45.459583
124.574026 44.990504
127.385479 44.521424
130.196931 44.052345
130.958915 43.583266
129.819429 43.114187
128.679943 42.645107
127.540457 42.176028
126.400971 41.706949
125.261484 41.237869
124.121998 40.768790
122.982512 41.560649
121.843026 43.454755
120.241723 45.348862
118.622298 47.242969
117.002872 49.137076
115.383447 50.602434
113.774608 51.167811
115.022906 51.733189
116.271204 52.298566
117.519502 52.863944
118.767799 53.429321
120.016097 53.994698
121.264395 54.560076
122.512693 55.125453
123.760991 55.690831
125.543532 56.256208
127.372098 56.821586
129.200663 57.262081
131.029229 57.688188
132.857795 58.114294
134.686361 58.540401
136.514926 58.966507
135.743560 59.392614
134.860881 59.804819
