98.450000 98.450000
110.117361 95.286212
121.784722 92.122424
131.708385 88.958636
131.830118 85.794848
131.951851 82.631060
132.073584 79.467272
132.195317 76.303484
132.317049 73.139696
132.438782 73.129669
132.560515 73.486526
132.682248 73.843382
132.803981 74.200239
132.925714 74.557096
133.047447 74.913953
133.169180 75.270810
133.234776 75.627666
133.029737 75.984523
132.824698 76.341380
132.619659 76.006465
132.414619 75.633468
132.209580 75.260471
132.004541 74.887474
131.799502 74.514477
131.594463 74.141480
131.389424 73.768482
131.184385 73.395485
130.979346 73.022488
130.846260 72.649491
130.780805 72.276494
130.715351 72.154578
130.649897 72.585441
130.584443 73.016305
130.518989 73.447169
130.453534 73.878033
130.388080 74.308897
130.322626 74.739761
130.257172 75.170625
130.730241 75.601489
131.911098 76.032352
133.091955 76.463216
134.272813 76.710536
135.453670 76.889608
136.634527 77.068680
137.815384 77.247752
138.996241 77.426824
140.177098 77.605897
141.357956 77.784969
142.281166 77.964041
142.005003 78.143113
141.728840 78.322185
141.452677 78.501258
141.176514 78.680330
140.900351 78.859402
140.624188 79.038474
140.348025 79.217547
140.071862 79.396619
139.795699 79.575691
139.519536 79.754763
139.243373 79.778116
138.964445 79.775924
138.414468 79.773731
137.864492 79.771539
137.314515 79.769346
136.764539 79.767153
136.214562 79.764961
135.664585 79.762768
135.114609 79.760576
134.564632 79.758383
134.014656 79.756190
133.464679 79.753998
133.628991 79.751805
133.905533 79.738656
134.182075 79.674457
134.458617 79.610258
134.735158 79.546060
135.011700 79.481861
135.288242 79.417662
135.564784 79.353463
135.841325 79.289265
136.117867 79.225066
136.285407 79.160867
136.414482 79.096668
136.543557 79.032470
136.672632 78.968271
136.801707 78.904072
136.930782 78.945986
137.059857 79.017690
137.188932 79.089394
137.318007 79.161098
137.447082 79.232801
137.576157 79.304505
137.705232 79.376209
137.834307 79.447913
137.963381 79.519616
138.096984 79.591320
138.235416 79.663024
138.373848 79.734728
138.512280 79.806431
138.650712 79.878135
138.789143 79.949839
138.927575 80.021543
139.066007 80.093246
139.204439 80.164950
139.342871 80.236654
139.199422 80.308358
138.790593 80.380061
138.381764 80.451765
137.972935 80.523469
137.564105 80.595173
137.155276 80.666877
136.746447 80.738580
136.337618 80.810284
135.928788 80.881988
135.519959 80.944906
135.111130 80.845968
134.746834 80.747030
134.524358 80.648092
134.301881 80.549153
134.079405 80.450215
133.856928 80.351277
133.634452 80.252339
133.411975 80.153400
133.189499 80.054462
132.967022 79.955524
132.744546 79.947990
132.522069 79.957466
132.345107 79.966942
132.373227 79.976419
132.401346 79.985895
132.429465 79.995372
132.457585 80.004848
132.485704 80.014324
132.513823 80.023801
132.541943 80.033277
132.570062 80.042754
132.598181 80.052230
132.626301 80.061707
132.654420 80.071183
132.682539 80.080659
132.710659 80.090136
132.738778 80.099612
132.766898 80.109089
132.795017 80.118565
132.823136 80.128041
132.917662 80.137518
133.111680 80.146994
133.305699 80.156471
133.499717 80.165947
133.693736 80.175424
133.887754 80.184900
134.081773 80.194376
134.275791 80.203853
134.469810 80.213329
134.663828 80.110749
134.857847 79.741740
135.051865 79.372731
135.245884 79.003721
135.439902 78.634712
134.952740 78.265703
133.875005 77.896694
132.797270 77.527685
131.719535 77.158675
130.641800 76.789666
129.564066 76.420657
128.486331 76.051648
127.408596 75.682639
126.330861 75.313629
125.253127 75.085676
124.627278 75.210603
125.049855 75.335529
125.472431 75.460456
125.895008 75.585383
126.317585 75.710309
126.740162 75.835236
127.162738 75.960163
127.585315 76.085090
128.007892 76.210016
128.430469 76.334943
128.689459 76.459870
128.441190 76.584796
128.192920 76.709723
127.944650 76.834650
127.696381 76.959576
127.448111 77.084503
127.199841 77.209430
126.951572 77.334356
126.703302 77.459283
126.455032 77.584210
126.206763 77.709137
125.958493 77.834063
125.710223 77.958990
125.461954 78.083917
125.213684 77.991044
124.965414 77.720741
124.717144 77.450437
124.468875 77.180134
124.077752 76.909831
123.575053 76.639527
123.072353 76.369224
122.569654 76.098920
122.066955 75.828617
121.564256 75.558314
121.061556 75.288010
120.558857 74.364928
120.056158 73.263471
119.553459 72.162013
119.050760 71.060555
118.548060 69.959098
118.045361 68.857640
117.542662 67.756183
117.039963 66.654725
116.537264 65.553267
116.034564 64.451810
115.531865 63.911016
115.029166 63.856875
114.526467 63.802733
114.312542 63.748592
114.268892 63.694451
114.225243 63.640309
114.181593 63.586168
114.137944 63.532026
114.094295 63.477885
114.050645 63.423744
114.006996 63.369602
113.963347 63.315461
113.919697 63.261319
113.876048 63.207178
113.832399 63.153036
113.788749 63.251174
113.745100 63.397606
113.701450 63.544039
113.657801 63.690472
113.614152 63.836904
113.693422 63.983337
113.924953 64.129769
114.156484 64.276202
114.388015 64.422635
114.619547 64.569067
114.851078 64.715500
115.082609 64.972226
115.314140 65.855038
115.545671 66.737849
115.777202 67.620661
116.387804 68.503472
117.301104 69.386284
118.214405 70.269095
119.127705 71.151907
120.041006 72.034718
120.954306 72.917530
121.867606 73.800341
122.780907 74.683153
123.694207 75.418231
124.607508 75.407529
125.520808 75.396828
126.434109 75.386127
127.347409 75.375425
128.260710 75.364724
128.014051 75.354023
127.715248 75.343322
127.416444 75.332620
127.117641 75.321919
126.818837 75.311218
126.520034 75.300516
126.221231 75.385591
125.922427 75.475523
125.623624 75.565454
125.324820 75.655385
125.026017 75.745316
124.301459 75.835248
123.404793 75.925179
122.508128 76.015110
121.611462 76.105042
120.714797 76.194973
119.818132 76.284904
118.921466 76.158901
118.024801 75.815710
117.128135 75.472519
116.231470 75.129329
116.413225 74.786138
116.927810 74.442947
117.442396 74.099756
117.956981 73.756566
118.471566 73.413375
118.986151 73.070184
119.500736 72.726994
120.015321 72.383803
120.529907 72.519736
121.044492 72.786933
121.756176 73.054129
122.545567 73.321325
123.334957 73.588522
124.124348 73.855718
124.913739 74.122915
125.703129 74.390111
126.492520 74.657308
127.281911 74.924504
128.071301 75.191701
128.860692 75.458897
129.650083 75.726093
129.997245 75.993290
130.280321 76.260486
130.563396 76.527683
130.846471 76.794879
131.129547 77.062076
131.412622 77.329272
131.695698 77.347042
131.978773 77.042015
132.261849 76.736988
132.544924 76.431962
132.827999 76.126935
133.111075 75.821908
133.394150 75.516882
133.618915 75.211855
132.943754 74.906828
132.268593 74.601802
131.593431 74.399739
130.918270 74.431607
130.243109 74.463474
129.567947 74.495341
128.892786 74.527208
128.217625 74.559075
127.542464 74.590942
126.867302 74.622809
126.352722 74.654676
126.682748 74.686543
127.012773 74.718410
127.342798 74.750482
127.672823 74.805958
128.002848 74.861434
128.332873 74.916910
128.662898 74.972386
128.992923 75.027862
129.322949 75.083338
129.652974 75.138814
129.982999 75.194290
130.074669 75.249766
129.950057 75.305242
129.825445 75.360718
129.700832 75.354945
129.576220 75.280705
129.451608 75.206464
129.326996 75.132223
129.202384 75.057983
129.077772 74.983742
128.953160 74.909501
128.828547 74.835261
128.703935 74.761020
128.579323 74.686779
128.454711 74.612539
128.330099 74.538298
128.205487 74.464057
128.080874 74.513042
127.956262 74.590808
127.831650 74.668575
127.860326 74.746342
127.921235 74.824109
127.982143 74.901876
128.043052 74.979642
128.103960 75.057409
128.164869 75.135176
128.225777 75.212943
128.286686 75.290709
128.347594 75.368476
128.408503 75.446243
128.469411 75.524010
128.530320 75.601777
128.591228 75.389944
128.652137 74.898178
128.713045 74.406412
128.773954 73.914646
128.834862 73.422880
128.895771 72.931115
129.567856 72.439349
130.643660 71.947583
131.719465 71.455817
132.795270 70.964051
133.871074 70.693587
134.946879 70.624103
136.022684 70.554619
137.098489 70.485136
138.174293 70.415652
139.250098 70.346169
140.325903 70.276685
141.401708 70.207202
142.477512 70.137718
143.553317 70.068234
144.629122 69.998751
145.704926 69.929267
146.780731 69.859784
147.856536 69.790300
148.413775 69.720817
147.441135 69.651333
146.468494 69.581849
145.495853 69.512366
144.523213 69.442882
143.550572 69.373399
142.577931 69.303915
141.605290 69.234432
140.632650 69.164948
139.660009 69.095464
138.687368 69.025981
137.714728 68.956497
136.742087 68.887014
135.769446 68.817530
134.813429 68.748047
133.880890 68.678563
132.948351 68.609079
132.015812 68.539596
131.083273 68.296904
130.150734 67.824742
129.218195 67.352581
128.285656 66.880419
127.353117 66.408257
126.420578 65.936095
125.577709 65.463933
127.261506 64.991772
128.945303 64.519610
130.629100 64.047448
132.312897 63.437374
133.996694 62.709565
135.680491 61.981756
137.364288 61.253947
139.048085 60.526137
140.731882 59.798328
142.415679 59.070519
143.050982 58.342710
139.376417 57.614901
135.701852 56.887092
132.027286 56.159282
128.352721 55.431473
124.678156 54.703664
121.003591 53.975855
117.329025 53.248046
113.654460 52.520237
109.979895 51.792428
106.465802 51.064618
106.867164 50.336809
107.268527 49.609000
107.669889 48.881191
108.071252 48.153382
108.472614 47.425573
108.873976 46.697764
109.275339 46.374298
109.676701 46.223466
110.078064 46.072635
110.479426 45.921803
110.880789 45.770971
111.282151 45.620140
111.683513 45.469308
111.091039 45.318476
110.399184 45.167645
109.707328 45.016813
109.015473 44.865981
108.323618 44.715150
107.631763 44.564318
106.939907 44.413487
106.248052 44.213272
105.556197 43.862990
104.864342 43.512708
104.172486 43.162426
104.961269 42.812144
105.777265 42.461862
106.593260 42.111580
107.409256 41.761298
108.225252 41.411016
109.041247 41.060733
109.857243 40.965318
110.673239 41.361806
111.489235 41.758294
112.305230 42.154781
113.121226 42.551269
113.937222 42.947756
114.753217 43.344244
115.569213 43.740732
116.385209 44.137219
117.201204 44.533707
118.017200 44.930195
118.741690 45.326682
118.154032 45.723170
117.566375 46.119657
116.978718 46.516145
116.391060 46.912633
115.803403 47.309120
115.215746 47.513178
114.628088 47.385683
114.040431 47.258188
113.452774 47.130693
112.865116 47.003198
112.277459 46.875703
111.689801 46.748207
111.102144 46.620712
110.514487 46.493217
109.926829 46.365722
110.671080 46.238227
111.454599 46.110732
112.238117 45.983237
113.021635 45.855742
113.805154 45.728247
114.588672 45.600751
115.372191 45.473256
116.155709 45.345761
116.939228 45.218266
117.722746 44.896637
118.307710 44.542544
117.753153 44.188450
117.198595 43.834357
116.644037 43.480264
116.089480 43.126170
115.534922 42.772077
114.980365 42.417983
114.425807 42.063890
113.871249 41.709796
113.316692 41.355703
112.762134 41.001609
112.207576 40.647516
111.653019 40.626933
111.098461 41.078516
110.543904 41.530099
109.989346 41.981682
109.434788 42.433265
108.880231 42.884848
108.325673 43.336430
108.367666 43.788013
109.771970 44.239596
111.176275 44.691179
112.580580 45.142762
113.984885 45.594345
115.389190 46.045927
116.793495 46.288653
118.197800 46.054351
119.602105 45.820048
121.006409 45.585746
122.410714 45.351443
123.815019 45.117141
125.219324 44.882838
126.623629 44.648536
128.027934 44.414233
129.432239 44.179931
130.836544 43.945628
131.269998 43.711326
130.700831 43.477023
130.131664 43.242721
129.562497 43.008418
128.993330 42.774116
128.424163 42.539813
127.854996 42.305511
127.285829 42.071208
126.716662 41.836906
126.147495 41.602603
125.578328 41.368301
125.009161 41.133999
124.439994 40.899696
123.870828 40.665394
123.301661 41.030145
122.732494 41.976241
122.163327 42.922337
121.507462 43.868433
120.698568 44.814529
119.889674 45.760625
119.080780 46.706721
118.271886 47.652816
117.462992 48.598912
116.654098 49.545008
115.845204 50.441224
115.036310 50.723627
114.227416 51.006030
114.040929 51.288433
114.664446 51.570836
115.287964 51.853238
115.911482 52.135641
116.535000 52.418044
117.158518 52.700447
117.782035 52.982850
118.405553 53.265253
119.029071 53.547656
119.652589 53.830059
120.276107 54.112462
120.899624 54.394864
121.523142 54.677267
122.146660 54.959670
122.770178 55.242073
123.393696 55.524476
124.090294 55.806879
125.003652 56.089282
125.917011 56.371685
126.830369 56.654088
127.743727 56.922575
128.657086 57.135413
129.570444 57.348251
130.483803 57.561088
131.397161 57.773926
132.310519 57.986764
133.223878 58.199602
134.137236 58.412440
135.050595 58.625277
135.963953 58.838115
136.451310 59.050953
136.010417 59.263791
135.569523 59.476629
135.128630 59.689467
134.687737 59.871494
134.246843 60.041276
133.805950 60.211058
133.365057 60.380841
132.924163 60.550623
132.483270 60.720405
132.042377 60.890187
132.206754 61.059969
133.349441 61.229751
134.492128 61.399533
135.634815 61.569316
136.777502 61.739098
137.920189 61.908880
139.062876 62.078662
140.205563 62.248444
141.348250 62.418226
142.490937 62.862984
143.633624 63.348194
144.776311 63.833403
144.650395 64.318613
144.162463 64.803823
143.674532 65.289033
143.186601 65.774242
142.698670 66.259452
142.210738 66.744662
141.722807 67.229871
141.234876 67.584782
140.746944 67.662318
140.259013 67.739854
140.549246 67.817390
141.181616 67.894927
141.813987 67.972463
142.446357 68.049999
143.078728 68.127535
143.711098 68.205071
144.343468 68.282608
144.975839 68.358517
145.608209 67.558398
146.240579 66.758280
146.872950 65.958161
146.505813 65.158042
145.835829 64.357924
145.165845 63.557805
144.495860 62.757687
143.825876 61.957568
143.155892 61.157450
142.485908 60.357331
141.815924 59.557212
141.145940 58.757094
140.475956 57.956975
139.805971 57.912917
139.135987 58.875730
138.581488 59.838543
139.120520 60.801356
139.659552 61.764169
140.198584 62.726982
140.737616 63.689795
141.276648 64.652608
141.815680 65.615421
142.354712 66.578234
142.893744 67.541047
143.432776 67.422490
143.930741 67.004201
143.773828 66.585912
143.616915 66.167623
143.460002 65.749335
143.303089 65.331046
143.146176 64.912757
142.989263 64.494468
142.832351 64.076180
142.675438 63.657891
142.518525 63.239602
142.361612 62.821313
142.482558 62.403024
142.673606 62.380488
142.864653 63.534797
143.055700 64.689106
143.246747 65.843415
143.437794 66.997724
143.628841 68.152033
143.819888 69.306343
144.010936 70.460652
144.201983 71.614961
144.393030 72.769270
144.584077 73.923579
144.775124 75.077888
144.966171 75.942014
145.157219 75.257868
145.348266 74.573722
145.539313 73.889576
145.730360 73.205430
145.921407 72.521285
146.112454 71.837139
146.303501 71.152993
146.494549 70.468847
146.685596 69.784702
146.876643 69.100556
147.067690 68.416410
147.258737 67.732264
147.449784 67.048119
147.640832 66.363973
147.831879 65.679827
147.547027 64.995681
146.491342 64.311535
145.435656 63.627390
144.379970 62.943244
143.324284 62.329430
142.268599 62.590577
141.212913 62.851724
140.157227 63.112871
139.101541 63.374018
138.045856 63.635165
136.990170 63.896312
136.030564 64.157459
137.203336 64.418607
138.376109 64.679754
139.548881 64.940901
140.721653 65.202048
141.894425 65.463195
143.067197 65.724342
144.239969 65.985489
145.412742 66.246636
146.585514 66.507783
147.717166 66.768930
147.630358 67.030077
147.543550 67.291224
147.456742 67.417182
147.369934 67.333463
147.283126 67.249744
147.196318 67.166025
147.109510 67.082306
147.022702 66.998587
146.935894 66.914868
146.849086 66.831149
146.762277 66.747431
146.675469 66.663712
146.588661 66.579993
146.501853 66.496274
146.415045 66.412555
146.328237 66.328836
146.241429 66.245117
146.154621 66.161398
146.067813 66.077680
145.981005 65.993961
145.894197 66.062064
145.807389 66.405468
145.720581 66.748872
145.633773 67.092276
145.546965 67.435680
145.460157 67.779084
145.373349 68.122488
145.192200 68.465891
144.952202 68.809295
144.712203 69.152699
144.472204 69.496103
144.232206 69.839507
143.992207 70.182911
143.752208 70.526315
143.512209 70.869719
143.272211 71.213123
143.032212 71.556527
142.792213 71.899931
142.552214 72.106587
142.312216 71.366331
142.072217 70.626076
142.067585 69.885821
142.237565 69.145566
142.407545 68.405310
142.577525 67.665055
142.747505 66.924800
142.917485 66.184545
143.087465 65.444290
143.257445 64.704034
143.427425 63.963779
143.597405 63.223524
143.767385 62.483269
143.937365 62.982052
144.107345 63.681710
144.277325 64.381367
144.447305 65.081024
144.617285 65.780682
144.787265 66.480339
144.957245 67.179996
145.127225 67.879654
145.248680 68.579311
145.311825 69.278968
145.374970 69.978626
145.438115 70.465918
145.501260 70.899433
145.564405 71.332948
145.627549 71.766463
145.690694 72.199978
145.753839 72.633493
145.816984 73.067008
145.880129 73.500523
145.943274 73.934038
146.006418 74.367553
146.069563 73.980423
146.132708 72.449143
146.195853 70.917862
146.258998 69.386582
146.322143 67.855302
146.385287 66.324022
146.448432 64.792741
146.511577 63.261461
146.574722 61.730181
146.637867 60.198900
146.701012 59.062192
146.764156 59.245537
146.827301 59.428883
146.890446 59.612228
146.953591 59.795574
147.016736 59.978919
147.079881 60.162265
147.143025 60.345610
147.206170 60.528956
147.269315 60.712301
147.332460 60.895647
147.395605 61.078992
147.458749 61.262338
147.521894 61.445683
147.585039 61.629029
147.648184 61.812374
147.711329 61.995720
147.774474 62.179065
147.601128 62.362411
145.704145 62.375594
143.807162 62.329126
141.910179 62.282659
140.013196 62.236192
138.116213 62.189724
136.219230 62.143257
134.322248 62.096790
132.425265 62.050323
130.528282 62.003855
128.631299 61.957388
126.734316 61.910921
124.837333 61.864453
122.940350 61.817986
121.043367 61.771519
119.146385 61.725051
117.249402 61.678584
115.352419 61.632117
113.455436 61.585649
113.547436 61.539182
113.948935 61.492715
114.350434 61.446247
114.751934 61.399780
115.153433 61.353313
115.554932 61.306845
115.956431 61.260378
116.357930 61.213911
116.759430 61.167444
117.160929 61.120976
117.562428 61.074509
117.963927 61.028042
118.365427 60.981574
118.324342 60.935107
117.063969 60.888640
115.803596 60.842172
114.543223 60.795705
113.282850 60.749238
112.022478 60.702770
110.762105 60.656303
109.501732 60.609836
108.241359 60.563368
106.980986 60.516901
105.720613 60.470434
106.249589 60.423967
108.166695 60.377499
110.083800 60.331032
112.000906 60.284565
113.918011 60.238097
115.835117 60.191630
117.752223 60.145163
119.669328 60.098695
121.586434 60.080412
123.503539 60.202449
125.426051 60.324487
127.376516 60.446525
129.326982 60.568563
131.277448 60.690600
133.227914 60.812638
135.178380 60.934676
137.128846 61.056713
139.079312 61.178751
141.029778 61.300789
142.980244 61.422827
144.930710 61.544864
144.167607 61.666902
142.018923 61.788940
139.870238 61.910977
137.721554 62.033015
135.572870 62.155053
133.424185 62.277091
131.275501 62.364550
129.126817 62.265977
126.978132 62.167404
124.829448 62.068831
122.680764 61.970258
120.848164 61.871685
120.651549 61.773112
120.454935 61.674540
120.258321 61.575967
120.061706 61.477394
119.865092 61.378821
119.668478 61.280248
119.471863 61.483521
119.275249 61.820425
119.078635 62.157329
118.882020 62.494233
118.846530 62.831137
119.140352 63.168041
119.434175 63.504944
119.727997 63.841848
120.021819 64.178752
120.315642 64.515656
120.609464 64.852560
120.903286 65.039175
121.197109 65.145367
121.490931 65.251559
121.784753 65.357751
122.078576 65.463943
122.372398 65.570135
122.649586 65.676327
122.157654 65.782519
121.665722 65.888711
121.173791 65.994903
120.681859 66.038294
120.189927 65.543417
119.697996 65.048541
119.206064 64.553665
118.714132 64.058788
118.222201 63.563912
117.730269 63.069035
117.238337 62.574159
116.746406 62.079283
116.166041 61.584406
115.540471 61.089530
114.914900 60.594654
114.289330 60.099777
113.663759 59.614906
113.038189 59.131958
112.412618 58.649010
111.787048 58.166061
111.161477 57.683113
110.535907 57.200165
110.383839 56.717216
110.714820 56.234268
111.045801 55.751320
111.376782 55.268372
111.707763 55.182887
112.038744 55.291339
112.369726 55.399790
112.700707 55.508241
113.031688 55.616692
113.362669 55.725144
113.693650 55.833595
114.024631 55.942046
114.355612 56.050498
114.712025 56.158949
115.223666 56.267400
115.735307 56.375852
116.246948 56.484303
116.758588 56.592754
117.270229 56.701206
117.781870 57.629650
118.293511 58.854505
118.805151 60.079360
119.316792 61.304215
119.828433 62.529070
120.340074 63.753925
120.851714 64.978780
121.363355 66.203635
121.874996 67.428490
122.386637 68.653345
122.898277 68.696265
123.354214 67.876925
123.687637 67.057585
124.021060 66.238245
124.354482 65.418905
124.687905 64.599565
125.021328 63.780225
125.354750 62.960885
125.688173 62.141545
126.021596 61.322205
126.355018 65.418022
126.688441 76.544011
87.670000 87.670000
