98.450000 98.450000
121.808340 92.116020
131.830611 85.782039
132.074323 79.448059
132.318035 73.114079
132.561747 73.490138
132.805460 74.204574
133.049172 74.919009
133.231456 75.633445
132.820962 76.347881
132.410469 75.625918
131.999976 74.879168
131.589482 74.132419
131.178989 73.385670
130.844405 72.638920
130.713364 72.167661
130.582323 73.030260
130.451282 73.892860
130.320241 74.755460
130.775659 75.618060
133.139763 76.480660
135.503868 76.897220
137.867973 77.255727
140.232078 77.614234
142.267749 77.972741
141.714864 78.331248
141.161979 78.689755
140.609094 79.048262
140.056209 79.406769
139.503324 79.765275
138.931045 79.775791
137.829979 79.771401
136.728913 79.767011
135.627846 79.762622
134.526780 79.758232
133.425713 79.753842
133.925686 79.733977
134.479329 79.605450
135.032972 79.476922
135.586616 79.348395
136.140259 79.219868
136.425195 79.091340
136.683606 78.962813
136.942017 78.952228
137.200428 79.095780
137.458840 79.239333
137.717251 79.382886
137.975662 79.526438
138.248867 79.669991
138.526011 79.813544
138.803155 79.957096
139.080299 80.100649
139.357443 80.244202
138.746731 80.387754
137.928245 80.531307
137.109759 80.674860
136.291273 80.818412
135.472786 80.933490
134.720713 80.735414
134.275310 80.537337
133.829907 80.339260
133.384503 80.141183
132.939100 79.943106
132.493697 79.958674
132.376869 79.977646
132.433165 79.996619
132.489461 80.015591
132.545756 80.034563
132.602052 80.053535
132.658348 80.072507
132.714643 80.091479
132.770939 80.110451
132.827235 80.129423
133.140351 80.148395
133.528781 80.167367
133.917211 80.186339
134.305640 80.205311
134.694070 80.053231
135.082500 79.314466
135.470930 78.575701
133.700473 77.836935
131.542822 77.098170
129.385170 76.359404
127.227519 75.620639
125.069868 75.106919
125.122565 75.357025
125.968574 75.607131
126.814583 75.857237
127.660592 76.107344
128.506601 76.357450
128.395958 76.607556
127.898916 76.857662
127.401875 77.107769
126.904833 77.357875
126.407791 77.607981
125.910749 77.858088
125.413707 78.108194
124.916665 77.667665
124.419623 77.126511
123.474309 76.585357
122.467893 76.044203
121.461477 75.503049
120.455061 74.137502
119.448645 71.932357
118.442229 69.727212
117.435813 67.522067
116.429397 65.316922
115.422981 63.899289
114.416565 63.790897
114.259261 63.682504
114.171874 63.574112
114.084487 63.465720
113.997100 63.357327
113.909713 63.248935
113.822326 63.140542
113.734939 63.431695
113.647551 63.724857
113.748258 64.018018
114.211789 64.311180
114.675320 64.604342
115.138851 65.186674
115.602382 66.954084
116.613356 68.721495
118.441805 70.488905
120.270255 72.256315
122.098705 74.023725
123.927154 75.415501
125.755604 75.394077
127.584054 75.372653
127.936024 75.351228
127.337812 75.329804
126.739600 75.308380
126.141388 75.409621
125.543177 75.589666
124.944965 75.769711
123.159753 75.949755
121.364607 76.129800
119.569461 76.309845
117.774315 75.719839
116.043432 75.032763
117.073644 74.345687
118.103856 73.658610
119.134068 72.971534
120.164280 72.329886
121.196891 72.864820
122.777270 73.399754
124.357650 73.934687
125.938029 74.469621
127.518408 75.004555
129.098788 75.539489
130.083199 76.074422
130.649923 76.609356
131.216647 77.144290
131.783371 77.252570
132.350095 76.641899
132.916819 76.031228
