71.000000 51.000000 99.200000 154.000000
71.000000 51.000000 99.100000 154.000000
71.000000 51.000000 99.100000 153.000000
67.000000 50.000000 99.100000 152.000000
68.000000 50.000000 99.000000 151.000000
68.000000 50.000000 99.000000 151.000000
68.000000 50.000000 99.000000 150.000000
67.000000 50.000000 98.900000 150.000000
62.000000 50.000000 98.900000 149.000000
59.000000 48.000000 98.800000 148.000000
59.000000 48.000000 98.800000 148.000000
67.000000 48.000000 98.800000 148.000000
58.000000 47.000000 98.700000 147.000000
55.000000 47.000000 98.600000 147.000000
58.000000 48.000000 98.400000 144.000000
67.000000 56.000000 98.300000 142.000000
71.000000 61.000000 98.200000 140.000000
75.000000 65.000000 98.100000 138.000000
78.000000 68.000000 98.100000 136.000000
76.000000 68.000000 98.000000 134.000000
76.000000 67.000000 98.000000 133.000000
77.000000 67.000000 98.000000 133.000000
77.000000 68.000000 98.000000 132.000000
76.000000 67.000000 97.900000 132.000000
74.000000 67.000000 97.900000 132.000000
73.000000 66.000000 97.900000 132.000000
75.000000 66.000000 97.900000 132.000000
74.000000 66.000000 97.800000 132.000000
73.000000 66.000000 97.800000 132.000000
72.000000 65.000000 97.700000 132.000000
74.000000 65.000000 97.600000 132.000000
74.000000 66.000000 97.500000 133.000000
75.000000 65.000000 97.400000 132.000000
76.000000 66.000000 97.200000 132.000000
84.000000 68.000000 97.100000 131.000000
79.000000 68.000000 97.000000 130.000000
78.000000 66.000000 97.000000 128.000000
80.000000 66.000000 97.100000 127.000000
80.000000 66.000000 97.300000 125.000000
57.000000 38.000000 97.500000 124.000000
61.000000 43.000000 97.700000 123.000000
62.000000 45.000000 98.000000 124.000000
60.000000 44.000000 98.200000 123.000000
61.000000 44.000000 98.300000 123.000000
63.000000 45.000000 98.400000 122.000000
64.000000 46.000000 98.300000 121.000000
63.000000 46.000000 98.300000 120.000000
64.000000 46.000000 98.300000 119.000000
66.000000 48.000000 98.300000 118.000000
68.000000 49.000000 98.300000 117.000000
68.000000 49.000000 98.300000 117.000000
65.000000 48.000000 98.300000 117.000000
64.000000 48.000000 98.300000 117.000000
67.000000 47.000000 98.300000 118.000000
68.000000 48.000000 98.200000 117.000000
67.000000 49.000000 98.200000 117.000000
64.000000 49.000000 98.200000 117.000000
60.000000 47.000000 98.200000 117.000000
61.000000 46.000000 98.100000 117.000000
65.000000 47.000000 98.100000 117.000000
68.000000 49.000000 98.100000 116.000000
64.000000 53.000000 98.100000 116.000000
70.000000 49.000000 98.100000 116.000000
68.000000 51.000000 98.200000 117.000000
69.000000 51.000000 98.200000 117.000000
71.000000 52.000000 98.200000 118.000000
71.000000 53.000000 98.300000 118.000000
70.000000 52.000000 98.200000 118.000000
68.000000 52.000000 98.300000 118.000000
68.000000 51.000000 98.300000 118.000000
70.000000 51.000000 98.400000 118.000000
69.000000 51.000000 98.500000 117.000000
66.000000 51.000000 98.500000 116.000000
63.000000 49.000000 98.600000 116.000000
63.000000 49.000000 98.700000 116.000000
63.000000 49.000000 98.700000 115.000000
66.000000 48.000000 98.700000 115.000000
58.000000 48.000000 98.700000 115.000000
67.000000 47.000000 98.700000 115.000000
69.000000 52.000000 98.600000 115.000000
70.000000 53.000000 98.600000 114.000000
68.000000 53.000000 98.600000 114.000000
64.000000 52.000000 98.500000 114.000000
63.000000 51.000000 98.500000 114.000000
66.000000 51.000000 98.500000 115.000000
69.000000 52.000000 98.500000 116.000000
70.000000 52.000000 98.500000 117.000000
67.000000 52.000000 98.500000 118.000000
64.000000 51.000000 98.400000 118.000000
65.000000 50.000000 98.400000 118.000000
67.000000 50.000000 98.400000 118.000000
67.000000 51.000000 98.400000 117.000000
65.000000 51.000000 98.300000 116.000000
61.000000 50.000000 98.300000 115.000000
63.000000 49.000000 98.300000 114.000000
72.000000 50.000000 98.300000 114.000000
65.000000 53.000000 98.300000 113.000000
64.000000 49.000000 98.300000 113.000000
64.000000 50.000000 98.300000 113.000000
74.000000 51.000000 98.200000 113.000000
67.000000 57.000000 98.200000 113.000000
68.000000 51.000000 98.200000 112.000000
66.000000 51.000000 98.100000 113.000000
70.000000 51.000000 98.000000 113.000000
68.000000 51.000000 97.900000 113.000000
69.000000 52.000000 97.800000 113.000000
66.000000 52.000000 97.600000 114.000000
61.000000 50.000000 97.500000 114.000000
59.000000 49.000000 97.600000 113.000000
67.000000 50.000000 97.700000 112.000000
76.000000 59.000000 97.800000 112.000000
67.000000 51.000000 98.000000 111.000000
66.000000 52.000000 98.200000 110.000000
65.000000 52.000000 98.500000 109.000000
65.000000 51.000000 98.700000 109.000000
71.000000 52.000000 98.700000 111.000000
64.000000 56.000000 98.800000 112.000000
68.000000 51.000000 98.800000 113.000000
72.000000 54.000000 98.700000 114.000000
76.000000 57.000000 98.700000 115.000000
76.000000 59.000000 98.600000 115.000000
76.000000 59.000000 98.600000 114.000000
77.000000 59.000000 98.600000 114.000000
78.000000 59.000000 98.500000 113.000000
79.000000 60.000000 98.500000 112.000000
79.000000 60.000000 98.500000 112.000000
78.000000 59.000000 98.500000 112.000000
78.000000 59.000000 98.500000 113.000000
79.000000 59.000000 98.500000 114.000000
77.000000 58.000000 98.500000 115.000000
74.000000 58.000000 98.500000 115.000000
74.000000 57.000000 98.500000 115.000000
75.000000 57.000000 98.600000 115.000000
74.000000 57.000000 98.600000 114.000000
70.000000 57.000000 98.600000 114.000000
68.000000 56.000000 98.600000 113.000000
65.000000 55.000000 98.700000 113.000000
72.000000 56.000000 98.700000 113.000000
72.000000 56.000000 98.700000 113.000000
76.000000 58.000000 98.700000 113.000000
78.000000 60.000000 98.700000 113.000000
78.000000 62.000000 98.700000 114.000000
77.000000 61.000000 98.700000 113.000000
78.000000 61.000000 98.600000 113.000000
80.000000 62.000000 98.600000 112.000000
80.000000 63.000000 98.600000 112.000000
79.000000 63.000000 98.600000 111.000000
78.000000 61.000000 98.500000 111.000000
78.000000 60.000000 98.500000 112.000000
79.000000 61.000000 98.500000 112.000000
78.000000 61.000000 98.500000 112.000000
75.000000 60.000000 98.500000 112.000000
72.000000 58.000000 98.500000 112.000000
73.000000 58.000000 98.500000 111.000000
74.000000 58.000000 98.500000 111.000000
72.000000 59.000000 98.500000 110.000000
72.000000 57.000000 98.500000 110.000000
70.000000 58.000000 98.500000 110.000000
73.000000 58.000000 98.500000 110.000000
76.000000 59.000000 98.500000 110.000000
76.000000 60.000000 98.500000 110.000000
76.000000 61.000000 98.500000 109.000000
75.000000 60.000000 98.500000 109.000000
77.000000 61.000000 98.500000 109.000000
79.000000 61.000000 98.500000 108.000000
79.000000 62.000000 98.400000 108.000000
78.000000 62.000000 98.300000 108.000000
78.000000 61.000000 98.100000 108.000000
79.000000 61.000000 97.900000 109.000000
79.000000 62.000000 97.800000 109.000000
78.000000 62.000000 97.600000 109.000000
75.000000 60.000000 97.400000 109.000000
75.000000 60.000000 97.400000 110.000000
77.000000 59.000000 97.500000 110.000000
76.000000 60.000000 97.600000 111.000000
73.000000 59.000000 97.800000 112.000000
71.000000 58.000000 98.000000 111.000000
74.000000 58.000000 98.200000 111.000000
76.000000 59.000000 98.500000 110.000000
76.000000 60.000000 98.600000 108.000000
74.000000 60.000000 98.800000 107.000000
74.000000 60.000000 98.900000 106.000000
76.000000 60.000000 98.900000 105.000000
77.000000 60.000000 98.900000 105.000000
75.000000 60.000000 98.800000 106.000000
75.000000 60.000000 98.600000 107.000000
78.000000 61.000000 98.500000 108.000000
79.000000 61.000000 98.400000 110.000000
77.000000 62.000000 98.400000 111.000000
74.000000 60.000000 98.400000 111.000000
75.000000 60.000000 98.400000 111.000000
76.000000 60.000000 98.600000 110.000000
75.000000 60.000000 98.600000 109.000000
70.000000 58.000000 98.500000 108.000000
67.000000 57.000000 98.500000 108.000000
69.000000 57.000000 98.500000 108.000000
76.000000 58.000000 98.500000 108.000000
79.000000 65.000000 98.400000 107.000000
80.000000 69.000000 98.400000 107.000000
81.000000 72.000000 98.400000 106.000000
84.000000 73.000000 98.400000 105.000000
86.000000 74.000000 98.300000 105.000000
88.000000 75.000000 98.300000 104.000000
87.000000 75.000000 98.300000 103.000000
84.000000 74.000000 98.300000 103.000000
84.000000 73.000000 98.200000 103.000000
87.000000 73.000000 98.200000 103.000000
87.000000 73.000000 98.300000 104.000000
85.000000 73.000000 98.300000 105.000000
82.000000 72.000000 98.400000 106.000000
81.000000 71.000000 98.400000 107.000000
83.000000 71.000000 98.200000 108.000000
84.000000 72.000000 98.000000 109.000000
82.000000 72.000000 97.800000 109.000000
80.000000 71.000000 97.600000 109.000000
81.000000 71.000000 97.400000 108.000000
84.000000 71.000000 97.200000 106.000000
86.000000 73.000000 97.200000 104.000000
86.000000 73.000000 97.400000 102.000000
85.000000 73.000000 97.600000 101.000000
83.000000 72.000000 97.800000 100.000000
85.000000 72.000000 98.100000 99.000000
85.000000 72.000000 98.400000 100.000000
66.000000 50.000000 98.700000 102.000000
67.000000 53.000000 98.900000 103.000000
66.000000 53.000000 99.100000 104.000000
67.000000 52.000000 99.200000 104.000000
65.000000 52.000000 99.300000 104.000000
64.000000 51.000000 99.200000 104.000000
64.000000 52.000000 99.100000 103.000000
72.000000 52.000000 99.000000 103.000000
61.000000 48.000000 98.900000 103.000000
57.000000 49.000000 98.800000 103.000000
67.000000 50.000000 98.600000 103.000000
81.000000 60.000000 98.700000 103.000000
68.000000 51.000000 98.600000 103.000000
70.000000 57.000000 98.600000 103.000000
69.000000 57.000000 98.500000 103.000000
70.000000 46.000000 98.500000 103.000000
66.000000 54.000000 98.400000 103.000000
62.000000 51.000000 98.400000 103.000000
60.000000 49.000000 98.300000 103.000000
70.000000 51.000000 98.300000 103.000000
74.000000 61.000000 98.400000 103.000000
76.000000 65.000000 98.500000 103.000000
79.000000 69.000000 98.600000 103.000000
79.000000 71.000000 98.700000 103.000000
80.000000 71.000000 98.800000 103.000000
82.000000 72.000000 98.900000 103.000000
85.000000 73.000000 99.000000 104.000000
85.000000 74.000000 98.900000 104.000000
85.000000 73.000000 98.900000 105.000000
85.000000 73.000000 98.900000 105.000000
85.000000 73.000000 98.800000 106.000000
87.000000 73.000000 98.700000 106.000000
87.000000 73.000000 98.700000 107.000000
65.000000 49.000000 98.600000 107.000000
65.000000 51.000000 98.600000 106.000000
65.000000 51.000000 98.500000 106.000000
66.000000 51.000000 98.500000 105.000000
68.000000 47.000000 98.600000 104.000000
64.000000 50.000000 98.700000 102.000000
61.000000 49.000000 98.800000 101.000000
63.000000 49.000000 98.800000 101.000000
72.000000 51.000000 98.900000 101.000000
64.000000 50.000000 98.900000 101.000000
62.000000 50.000000 98.900000 102.000000
61.000000 51.000000 98.800000 103.000000
68.000000 50.000000 98.600000 104.000000
75.000000 61.000000 98.500000 105.000000
81.000000 63.000000 98.400000 105.000000
85.000000 69.000000 98.200000 106.000000
70.000000 56.000000 98.200000 105.000000
71.000000 56.000000 98.100000 105.000000
69.000000 39.000000 98.100000 104.000000
72.000000 51.000000 98.100000 104.000000
71.000000 56.000000 98.100000 104.000000
60.000000 46.000000 98.100000 105.000000
66.000000 45.000000 98.100000 106.000000
69.000000 53.000000 98.400000 106.000000
59.000000 44.000000 98.700000 107.000000
59.000000 45.000000 99.100000 108.000000
59.000000 47.000000 99.400000 108.000000
60.000000 47.000000 99.900000 108.000000
63.000000 48.000000 100.000000 108.000000
63.000000 49.000000 100.000000 108.000000
63.000000 49.000000 100.000000 109.000000
63.000000 50.000000 100.000000 109.000000
62.000000 50.000000 100.000000 110.000000
70.000000 50.000000 100.000000 111.000000
64.000000 55.000000 100.000000 112.000000
66.000000 50.000000 100.000000 112.000000
67.000000 51.000000 99.600000 111.000000
67.000000 51.000000 99.200000 110.000000
65.000000 50.000000 98.900000 109.000000
65.000000 50.000000 98.500000 108.000000
66.000000 50.000000 98.400000 106.000000
66.000000 50.000000 98.400000 105.000000
65.000000 50.000000 98.500000 104.000000
63.000000 49.000000 98.600000 104.000000
62.000000 49.000000 98.800000 104.000000
63.000000 49.000000 98.800000 104.000000
70.000000 54.000000 98.900000 104.000000
62.000000 48.000000 99.000000 105.000000
61.000000 49.000000 98.900000 105.000000
63.000000 49.000000 98.800000 106.000000
71.000000 51.000000 98.800000 105.000000
74.000000 61.000000 98.700000 105.000000
77.000000 65.000000 98.600000 105.000000
80.000000 70.000000 98.500000 104.000000
83.000000 69.000000 98.400000 103.000000
86.000000 74.000000 98.300000 102.000000
80.000000 71.000000 98.200000 101.000000
84.000000 70.000000 98.100000 100.000000
81.000000 70.000000 98.100000 100.000000
85.000000 72.000000 98.000000 99.000000
81.000000 71.000000 98.100000 99.000000
81.000000 71.000000 98.100000 100.000000
69.000000 50.000000 98.100000 100.000000
73.000000 53.000000 98.200000 101.000000
75.000000 55.000000 98.200000 101.000000
75.000000 55.000000 98.300000 101.000000
77.000000 60.000000 98.300000 101.000000
76.000000 61.000000 98.300000 101.000000
74.000000 58.000000 98.300000 101.000000
70.000000 56.000000 98.400000 101.000000
75.000000 57.000000 98.400000 101.000000
66.000000 50.000000 98.400000 100.000000
65.000000 48.000000 98.400000 101.000000
64.000000 46.000000 98.400000 101.000000
64.000000 46.000000 98.400000 101.000000
65.000000 47.000000 98.400000 100.000000
66.000000 46.000000 98.400000 100.000000
66.000000 47.000000 98.400000 100.000000
65.000000 47.000000 98.400000 100.000000
66.000000 47.000000 98.400000 99.000000
67.000000 48.000000 98.300000 99.000000
68.000000 50.000000 98.300000 99.000000
69.000000 51.000000 98.300000 98.000000
69.000000 51.000000 98.300000 98.000000
70.000000 51.000000 98.300000 98.000000
68.000000 52.000000 98.300000 98.000000
63.000000 40.000000 98.400000 98.000000
67.000000 44.000000 98.400000 98.000000
71.000000 50.000000 98.400000 98.000000
71.000000 42.000000 98.400000 98.000000
69.000000 47.000000 98.500000 98.000000
69.000000 48.000000 98.500000 98.000000
72.000000 46.000000 98.500000 97.000000
69.000000 44.000000 98.500000 97.000000
66.000000 45.000000 98.600000 97.000000
67.000000 46.000000 98.600000 97.000000
69.000000 50.000000 98.600000 97.000000
72.000000 49.000000 98.600000 98.000000
71.000000 52.000000 98.600000 99.000000
73.000000 51.000000 98.600000 99.000000
71.000000 48.000000 98.600000 100.000000
71.000000 49.000000 98.600000 100.000000
71.000000 52.000000 98.600000 101.000000
73.000000 54.000000 98.700000 101.000000
75.000000 53.000000 98.700000 101.000000
69.000000 52.000000 98.700000 101.000000
69.000000 46.000000 98.700000 101.000000
71.000000 50.000000 98.800000 101.000000
67.000000 49.000000 98.800000 100.000000
69.000000 42.000000 98.800000 100.000000
69.000000 41.000000 98.800000 99.000000
70.000000 46.000000 98.700000 98.000000
68.000000 47.000000 98.700000 97.000000
68.000000 50.000000 98.700000 96.000000
70.000000 47.000000 98.700000 95.000000
71.000000 50.000000 98.600000 94.000000
71.000000 50.000000 98.600000 93.000000
69.000000 48.000000 98.600000 93.000000
72.000000 46.000000 98.600000 93.000000
70.000000 49.000000 98.600000 93.000000
71.000000 46.000000 98.600000 93.000000
71.000000 46.000000 98.600000 93.000000
70.000000 50.000000 98.600000 93.000000
65.000000 52.000000 98.600000 93.000000
67.000000 49.000000 98.600000 93.000000
69.000000 51.000000 98.600000 92.000000
67.000000 45.000000 98.600000 92.000000
61.000000 47.000000 98.600000 93.000000
64.000000 47.000000 98.500000 94.000000
64.000000 48.000000 98.400000 94.000000
71.000000 49.000000 98.400000 95.000000
63.000000 55.000000 98.300000 96.000000
66.000000 52.000000 98.200000 97.000000
80.000000 44.000000 98.100000 97.000000
70.000000 54.000000 98.000000 97.000000
65.000000 56.000000 97.800000 96.000000
65.000000 56.000000 97.700000 96.000000
71.000000 46.000000 97.500000 96.000000
68.000000 44.000000 97.400000 96.000000
66.000000 46.000000 97.200000 96.000000
69.000000 51.000000 97.100000 96.000000
75.000000 47.000000 97.000000 96.000000
70.000000 53.000000 97.000000 97.000000
73.000000 56.000000 97.000000 96.000000
71.000000 57.000000 97.000000 96.000000
81.000000 56.000000 97.200000 96.000000
77.000000 64.000000 97.300000 95.000000
82.000000 66.000000 97.600000 94.000000
82.000000 66.000000 97.800000 94.000000
62.000000 47.000000 98.000000 93.000000
65.000000 50.000000 98.200000 93.000000
66.000000 51.000000 98.400000 93.000000
73.000000 55.000000 98.500000 93.000000
67.000000 47.000000 98.600000 93.000000
63.000000 50.000000 98.500000 93.000000
64.000000 47.000000 98.500000 94.000000
68.000000 49.000000 98.500000 94.000000
64.000000 52.000000 98.500000 94.000000
63.000000 52.000000 98.500000 95.000000
67.000000 53.000000 98.500000 95.000000
78.000000 54.000000 98.500000 95.000000
72.000000 50.000000 98.500000 95.000000
72.000000 54.000000 98.400000 95.000000
69.000000 54.000000 98.400000 95.000000
70.000000 54.000000 98.400000 95.000000
68.000000 54.000000 98.400000 96.000000
67.000000 54.000000 98.400000 96.000000
64.000000 54.000000 98.500000 96.000000
70.000000 54.000000 98.500000 96.000000
74.000000 59.000000 98.500000 96.000000
61.000000 48.000000 98.500000 96.000000
62.000000 50.000000 98.600000 96.000000
65.000000 52.000000 98.600000 96.000000
75.000000 55.000000 98.600000 96.000000
67.000000 51.000000 98.600000 96.000000
62.000000 41.000000 98.600000 96.000000
65.000000 45.000000 98.600000 97.000000
75.000000 50.000000 98.600000 97.000000
72.000000 61.000000 98.600000 97.000000
74.000000 57.000000 98.600000 98.000000
67.000000 54.000000 98.600000 99.000000
72.000000 56.000000 98.600000 99.000000
70.000000 54.000000 98.600000 99.000000
73.000000 51.000000 98.600000 99.000000
73.000000 37.000000 98.600000 99.000000
67.000000 37.000000 98.600000 99.000000
59.000000 41.000000 98.600000 98.000000
60.000000 46.000000 98.600000 98.000000
59.000000 44.000000 98.700000 97.000000
72.000000 46.000000 98.700000 96.000000
58.000000 51.000000 98.700000 95.000000
64.000000 48.000000 98.700000 94.000000
64.000000 51.000000 98.600000 94.000000
74.000000 54.000000 98.600000 94.000000
67.000000 55.000000 98.600000 94.000000
66.000000 54.000000 98.600000 94.000000
62.000000 50.000000 98.600000 94.000000
69.000000 46.000000 98.600000 94.000000
66.000000 46.000000 98.500000 93.000000
69.000000 54.000000 98.500000 93.000000
68.000000 55.000000 98.500000 93.000000
68.000000 54.000000 98.500000 93.000000
75.000000 54.000000 98.500000 93.000000
68.000000 53.000000 98.500000 93.000000
67.000000 53.000000 98.500000 94.000000
66.000000 52.000000 98.500000 94.000000
73.000000 53.000000 98.500000 94.000000
67.000000 51.000000 98.500000 95.000000
67.000000 52.000000 98.500000 95.000000
68.000000 51.000000 98.500000 95.000000
68.000000 52.000000 98.400000 95.000000
67.000000 51.000000 98.400000 95.000000
67.000000 51.000000 98.400000 96.000000
66.000000 51.000000 98.400000 97.000000
66.000000 52.000000 98.400000 98.000000
66.000000 52.000000 98.300000 99.000000
60.000000 49.000000 98.400000 100.000000
62.000000 43.000000 98.300000 101.000000
52.000000 42.000000 98.300000 101.000000
57.000000 44.000000 98.200000 101.000000
65.000000 48.000000 98.200000 100.000000
70.000000 51.000000 98.100000 99.000000
72.000000 52.000000 98.000000 98.000000
70.000000 56.000000 98.000000 97.000000
68.000000 54.000000 98.100000 96.000000
73.000000 54.000000 98.200000 94.000000
63.000000 55.000000 98.200000 94.000000
65.000000 50.000000 98.300000 94.000000
65.000000 50.000000 98.400000 94.000000
64.000000 52.000000 98.500000 93.000000
65.000000 48.000000 98.500000 93.000000
