103.000000 42.000000 94.300000 71.000000
107.000000 49.000000 94.800000 71.000000
103.000000 41.000000 95.300000 73.000000
106.000000 42.000000 95.800000 71.000000
108.000000 43.000000 96.400000 71.000000
107.000000 46.000000 96.700000 72.000000
109.000000 45.000000 96.900000 74.000000
110.000000 47.000000 97.000000 73.000000
110.000000 51.000000 97.000000 72.000000
109.000000 52.000000 96.900000 77.000000
112.000000 51.000000 96.800000 77.000000
113.000000 52.000000 96.700000 74.000000
111.000000 52.000000 96.500000 73.000000
112.000000 51.000000 96.300000 76.000000
113.000000 49.000000 96.000000 75.000000
114.000000 50.000000 95.800000 72.000000
113.000000 53.000000 95.600000 75.000000
115.000000 52.000000 95.400000 77.000000
117.000000 53.000000 95.200000 75.000000
118.000000 54.000000 95.100000 72.000000
118.000000 58.000000 94.900000 72.000000
117.000000 56.000000 94.800000 74.000000
117.000000 54.000000 94.600000 71.000000
114.000000 55.000000 94.500000 71.000000
116.000000 56.000000 94.500000 75.000000
116.000000 54.000000 94.500000 74.000000
115.000000 55.000000 94.300000 72.000000
116.000000 58.000000 94.100000 75.000000
119.000000 59.000000 94.000000 77.000000
120.000000 58.000000 93.800000 74.000000
116.000000 55.000000 93.800000 71.000000
115.000000 58.000000 93.900000 78.000000
117.000000 58.000000 93.900000 80.000000
119.000000 59.000000 93.900000 79.000000
117.000000 61.000000 94.200000 77.000000
119.000000 63.000000 94.500000 82.000000
121.000000 63.000000 94.500000 80.000000
120.000000 61.000000 94.500000 77.000000
119.000000 61.000000 95.300000 76.000000
118.000000 59.000000 96.100000 74.000000
117.000000 61.000000 96.900000 78.000000
119.000000 61.000000 97.600000 83.000000
98.000000 54.000000 98.200000 76.000000
98.000000 58.000000 98.800000 77.000000
107.000000 63.000000 99.200000 84.000000
113.000000 63.000000 99.100000 84.000000
120.000000 66.000000 99.100000 81.000000
117.000000 67.000000 99.000000 79.000000
115.000000 65.000000 99.000000 80.000000
115.000000 63.000000 98.900000 81.000000
115.000000 61.000000 98.900000 79.000000
115.000000 61.000000 98.900000 77.000000
114.000000 64.000000 99.000000 81.000000
117.000000 62.000000 99.100000 79.000000
116.000000 62.000000 99.100000 77.000000
113.000000 62.000000 99.100000 75.000000
111.000000 58.000000 99.200000 76.000000
111.000000 56.000000 99.200000 75.000000
109.000000 55.000000 99.200000 73.000000
107.000000 55.000000 99.100000 75.000000
113.000000 53.000000 99.100000 79.000000
109.000000 45.000000 99.100000 79.000000
111.000000 46.000000 99.100000 79.000000
113.000000 37.000000 99.000000 84.000000
123.000000 47.000000 99.000000 84.000000
124.000000 57.000000 99.000000 80.000000
116.000000 63.000000 99.000000 82.000000
119.000000 55.000000 99.000000 90.000000
123.000000 55.000000 99.000000 92.000000
122.000000 66.000000 99.000000 91.000000
125.000000 73.000000 99.000000 94.000000
119.000000 70.000000 99.000000 97.000000
115.000000 67.000000 99.000000 94.000000
111.000000 60.000000 99.000000 92.000000
110.000000 59.000000 99.100000 87.000000
112.000000 59.000000 99.100000 83.000000
110.000000 58.000000 99.100000 84.000000
111.000000 58.000000 99.100000 83.000000
111.000000 58.000000 99.200000 83.000000
115.000000 60.000000 99.200000 83.000000
117.000000 61.000000 99.200000 81.000000
118.000000 61.000000 99.300000 80.000000
118.000000 61.000000 99.300000 79.000000
117.000000 58.000000 99.300000 77.000000
117.000000 58.000000 99.300000 78.000000
118.000000 58.000000 99.300000 77.000000
119.000000 59.000000 99.300000 75.000000
118.000000 62.000000 99.400000 78.000000
119.000000 61.000000 99.400000 82.000000
121.000000 63.000000 99.400000 79.000000
121.000000 62.000000 99.400000 76.000000
120.000000 62.000000 99.300000 76.000000
120.000000 62.000000 99.200000 75.000000
120.000000 62.000000 99.100000 76.000000
120.000000 65.000000 98.800000 81.000000
127.000000 71.000000 98.600000 88.000000
131.000000 75.000000 98.400000 84.000000
133.000000 76.000000 98.400000 77.000000
130.000000 71.000000 98.300000 71.000000
124.000000 66.000000 98.300000 69.000000
122.000000 63.000000 98.200000 69.000000
115.000000 59.000000 98.400000 70.000000
114.000000 57.000000 98.500000 75.000000
116.000000 55.000000 98.600000 77.000000
118.000000 57.000000 98.600000 74.000000
118.000000 60.000000 98.600000 74.000000
121.000000 63.000000 98.700000 80.000000
125.000000 65.000000 98.800000 79.000000
127.000000 66.000000 98.800000 74.000000
125.000000 64.000000 98.900000 71.000000
121.000000 64.000000 98.900000 73.000000
120.000000 60.000000 98.900000 73.000000
119.000000 51.000000 98.800000 71.000000
107.000000 35.000000 98.700000 73.000000
108.000000 43.000000 98.600000 79.000000
123.000000 50.000000 98.500000 78.000000
122.000000 54.000000 98.400000 76.000000
128.000000 66.000000 98.300000 77.000000
123.000000 72.000000 98.300000 75.000000
109.000000 60.000000 98.300000 78.000000
96.000000 54.000000 98.300000 82.000000
102.000000 51.000000 98.300000 90.000000
112.000000 54.000000 98.300000 90.000000
117.000000 59.000000 98.300000 86.000000
114.000000 57.000000 98.300000 82.000000
111.000000 55.000000 98.300000 83.000000
112.000000 53.000000 98.200000 83.000000
110.000000 52.000000 98.200000 79.000000
107.000000 52.000000 98.200000 80.000000
106.000000 54.000000 98.200000 84.000000
112.000000 54.000000 98.200000 84.000000
116.000000 59.000000 98.200000 84.000000
119.000000 64.000000 98.300000 82.000000
121.000000 66.000000 98.400000 83.000000
122.000000 67.000000 98.500000 82.000000
122.000000 64.000000 98.600000 77.000000
118.000000 60.000000 98.600000 71.000000
111.000000 58.000000 98.700000 71.000000
110.000000 56.000000 98.800000 76.000000
112.000000 55.000000 98.800000 77.000000
114.000000 55.000000 98.900000 76.000000
112.000000 54.000000 98.900000 74.000000
108.000000 53.000000 99.000000 73.000000
109.000000 54.000000 99.000000 78.000000
111.000000 53.000000 99.000000 81.000000
111.000000 53.000000 99.000000 78.000000
113.000000 54.000000 99.000000 75.000000
109.000000 54.000000 99.000000 75.000000
109.000000 53.000000 99.100000 77.000000
110.000000 51.000000 99.100000 76.000000
110.000000 50.000000 99.100000 73.000000
107.000000 48.000000 99.100000 72.000000
103.000000 47.000000 99.100000 74.000000
105.000000 46.000000 99.000000 76.000000
106.000000 46.000000 99.000000 75.000000
107.000000 53.000000 98.900000 79.000000
113.000000 56.000000 98.800000 84.000000
114.000000 57.000000 98.800000 81.000000
117.000000 59.000000 98.800000 77.000000
117.000000 61.000000 98.800000 72.000000
113.000000 61.000000 98.800000 71.000000
114.000000 60.000000 98.900000 75.000000
119.000000 55.000000 98.900000 76.000000
113.000000 56.000000 99.000000 73.000000
108.000000 57.000000 99.000000 83.000000
103.000000 53.000000 98.900000 87.000000
105.000000 52.000000 98.900000 92.000000
109.000000 55.000000 98.900000 91.000000
116.000000 59.000000 98.800000 91.000000
117.000000 62.000000 98.800000 88.000000
118.000000 63.000000 98.800000 87.000000
115.000000 59.000000 98.700000 83.000000
112.000000 54.000000 98.700000 80.000000
110.000000 52.000000 98.700000 78.000000
108.000000 50.000000 98.700000 78.000000
107.000000 49.000000 98.700000 83.000000
104.000000 50.000000 98.700000 90.000000
109.000000 53.000000 98.700000 94.000000
113.000000 57.000000 98.600000 92.000000
117.000000 60.000000 98.600000 91.000000
120.000000 63.000000 98.600000 86.000000
123.000000 65.000000 98.600000 81.000000
123.000000 67.000000 98.600000 78.000000
120.000000 63.000000 98.500000 77.000000
117.000000 58.000000 98.500000 75.000000
112.000000 55.000000 98.400000 74.000000
114.000000 56.000000 98.400000 78.000000
115.000000 58.000000 98.300000 83.000000
120.000000 62.000000 98.200000 81.000000
122.000000 63.000000 98.100000 77.000000
122.000000 65.000000 98.100000 75.000000
122.000000 68.000000 98.100000 78.000000
123.000000 65.000000 98.000000 79.000000
122.000000 61.000000 98.100000 74.000000
119.000000 59.000000 98.300000 70.000000
116.000000 55.000000 98.400000 67.000000
111.000000 51.000000 98.600000 67.000000
105.000000 50.000000 98.700000 69.000000
105.000000 49.000000 98.900000 75.000000
110.000000 50.000000 99.000000 76.000000
114.000000 55.000000 99.000000 76.000000
117.000000 57.000000 99.000000 73.000000
115.000000 54.000000 99.000000 73.000000
112.000000 53.000000 99.000000 72.000000
109.000000 50.000000 99.000000 71.000000
107.000000 50.000000 99.000000 73.000000
107.000000 47.000000 99.000000 75.000000
109.000000 47.000000 99.100000 74.000000
108.000000 50.000000 99.100000 73.000000
109.000000 48.000000 99.100000 72.000000
103.000000 47.000000 99.100000 72.000000
106.000000 50.000000 99.200000 77.000000
107.000000 48.000000 99.200000 79.000000
108.000000 49.000000 99.200000 74.000000
106.000000 47.000000 99.100000 71.000000
102.000000 46.000000 99.100000 70.000000
97.000000 46.000000 99.100000 74.000000
99.000000 46.000000 99.100000 81.000000
107.000000 49.000000 99.000000 81.000000
113.000000 54.000000 99.000000 77.000000
116.000000 58.000000 99.000000 73.000000
112.000000 55.000000 99.000000 68.000000
112.000000 54.000000 99.000000 69.000000
106.000000 57.000000 99.000000 70.000000
100.000000 55.000000 99.000000 79.000000
102.000000 54.000000 99.000000 87.000000
105.000000 54.000000 99.000000 92.000000
117.000000 64.000000 99.000000 94.000000
124.000000 73.000000 99.000000 91.000000
129.000000 75.000000 99.000000 87.000000
127.000000 72.000000 99.000000 75.000000
120.000000 71.000000 99.100000 71.000000
117.000000 62.000000 99.100000 71.000000
112.000000 57.000000 99.100000 71.000000
107.000000 51.000000 99.100000 70.000000
104.000000 51.000000 99.200000 71.000000
106.000000 52.000000 99.200000 74.000000
110.000000 55.000000 99.100000 74.000000
115.000000 61.000000 99.100000 75.000000
121.000000 65.000000 99.100000 77.000000
123.000000 68.000000 99.000000 77.000000
123.000000 68.000000 99.000000 77.000000
123.000000 68.000000 98.900000 83.000000
129.000000 69.000000 98.800000 79.000000
127.000000 69.000000 98.800000 70.000000
126.000000 68.000000 98.800000 67.000000
122.000000 67.000000 98.800000 69.000000
120.000000 64.000000 98.700000 71.000000
116.000000 64.000000 98.800000 81.000000
118.000000 63.000000 98.800000 84.000000
118.000000 63.000000 98.800000 82.000000
117.000000 61.000000 98.800000 79.000000
113.000000 57.000000 98.800000 74.000000
113.000000 57.000000 98.700000 83.000000
117.000000 58.000000 98.700000 87.000000
121.000000 61.000000 98.700000 83.000000
123.000000 61.000000 98.600000 76.000000
121.000000 57.000000 98.600000 69.000000
117.000000 58.000000 98.600000 69.000000
111.000000 57.000000 98.500000 71.000000
108.000000 53.000000 98.500000 72.000000
108.000000 52.000000 98.500000 74.000000
112.000000 55.000000 98.600000 75.000000
116.000000 59.000000 98.600000 77.000000
118.000000 61.000000 98.700000 77.000000
120.000000 61.000000 98.800000 75.000000
120.000000 64.000000 98.800000 82.000000
120.000000 64.000000 98.900000 82.000000
118.000000 56.000000 98.900000 73.000000
111.000000 53.000000 98.900000 70.000000
110.000000 53.000000 98.800000 71.000000
110.000000 52.000000 98.700000 78.000000
112.000000 53.000000 98.500000 82.000000
114.000000 53.000000 98.400000 78.000000
112.000000 51.000000 98.300000 73.000000
110.000000 48.000000 98.300000 68.000000
106.000000 47.000000 98.200000 67.000000
108.000000 45.000000 98.200000 68.000000
102.000000 48.000000 98.300000 70.000000
100.000000 54.000000 98.300000 74.000000
107.000000 55.000000 98.300000 77.000000
110.000000 57.000000 98.400000 80.000000
113.000000 60.000000 98.400000 86.000000
118.000000 62.000000 98.500000 90.000000
123.000000 64.000000 98.500000 87.000000
121.000000 62.000000 98.600000 81.000000
116.000000 55.000000 98.600000 69.000000
106.000000 49.000000 98.700000 71.000000
102.000000 45.000000 98.800000 70.000000
96.000000 43.000000 99.000000 71.000000
95.000000 45.000000 99.100000 80.000000
107.000000 47.000000 99.300000 87.000000
119.000000 56.000000 99.300000 87.000000
124.000000 63.000000 99.400000 86.000000
124.000000 62.000000 99.400000 76.000000
122.000000 58.000000 99.400000 71.000000
116.000000 60.000000 99.300000 70.000000
106.000000 58.000000 99.300000 78.000000
100.000000 52.000000 99.200000 84.000000
94.000000 41.000000 99.200000 84.000000
106.000000 48.000000 99.200000 82.000000
111.000000 53.000000 99.200000 79.000000
110.000000 53.000000 99.200000 77.000000
105.000000 50.000000 99.200000 76.000000
103.000000 49.000000 99.100000 78.000000
106.000000 48.000000 99.100000 78.000000
108.000000 51.000000 99.100000 78.000000
114.000000 55.000000 99.100000 78.000000
116.000000 55.000000 99.000000 76.000000
116.000000 57.000000 99.000000 75.000000
115.000000 58.000000 99.000000 74.000000
111.000000 53.000000 99.000000 76.000000
108.000000 52.000000 99.000000 74.000000
109.000000 54.000000 99.000000 74.000000
115.000000 60.000000 99.000000 75.000000
121.000000 67.000000 99.000000 74.000000
126.000000 72.000000 99.000000 75.000000
129.000000 73.000000 98.900000 71.000000
137.000000 84.000000 98.900000 77.000000
138.000000 92.000000 98.800000 77.000000
178.000000 85.000000 98.800000 73.000000
169.000000 67.000000 98.700000 70.000000
108.000000 56.000000 98.700000 71.000000
128.000000 74.000000 98.600000 71.000000
127.000000 74.000000 98.600000 73.000000
174.000000 83.000000 98.700000 75.000000
123.000000 65.000000 98.700000 71.000000
125.000000 66.000000 98.700000 68.000000
117.000000 60.000000 98.700000 75.000000
122.000000 67.000000 98.700000 82.000000
123.000000 65.000000 98.700000 84.000000
122.000000 63.000000 98.700000 80.000000
121.000000 59.000000 98.600000 71.000000
115.000000 52.000000 98.600000 67.000000
108.000000 46.000000 98.500000 65.000000
104.000000 43.000000 98.500000 65.000000
104.000000 45.000000 98.500000 70.000000
100.000000 47.000000 98.500000 71.000000
108.000000 47.000000 98.500000 74.000000
106.000000 53.000000 98.500000 78.000000
115.000000 54.000000 98.500000 76.000000
119.000000 56.000000 98.600000 72.000000
124.000000 60.000000 98.600000 68.000000
123.000000 58.000000 98.600000 66.000000
117.000000 53.000000 98.600000 65.000000
113.000000 50.000000 98.700000 62.000000
116.000000 58.000000 98.600000 64.000000
109.000000 54.000000 98.600000 66.000000
114.000000 54.000000 98.600000 67.000000
116.000000 60.000000 98.600000 69.000000
124.000000 69.000000 98.600000 73.000000
131.000000 73.000000 98.600000 73.000000
136.000000 77.000000 98.500000 73.000000
142.000000 85.000000 98.500000 73.000000
181.000000 82.000000 98.500000 65.000000
133.000000 71.000000 98.600000 63.000000
131.000000 76.000000 98.600000 65.000000
125.000000 65.000000 98.700000 63.000000
122.000000 64.000000 98.700000 62.000000
109.000000 50.000000 98.700000 62.000000
107.000000 55.000000 98.800000 74.000000
119.000000 65.000000 98.800000 87.000000
127.000000 66.000000 98.800000 87.000000
124.000000 64.000000 98.800000 83.000000
129.000000 71.000000 98.700000 87.000000
136.000000 80.000000 98.700000 86.000000
136.000000 74.000000 98.700000 69.000000
122.000000 60.000000 98.600000 59.000000
113.000000 53.000000 98.600000 57.000000
105.000000 55.000000 98.500000 65.000000
105.000000 51.000000 98.400000 71.000000
103.000000 47.000000 98.400000 69.000000
103.000000 46.000000 98.300000 66.000000
95.000000 46.000000 98.300000 66.000000
92.000000 44.000000 98.300000 74.000000
94.000000 44.000000 98.300000 77.000000
97.000000 43.000000 98.300000 73.000000
94.000000 45.000000 98.300000 70.000000
89.000000 44.000000 98.400000 74.000000
91.000000 42.000000 98.400000 82.000000
93.000000 40.000000 98.400000 79.000000
92.000000 41.000000 98.400000 76.000000
87.000000 41.000000 98.400000 75.000000
87.000000 38.000000 98.400000 82.000000
91.000000 39.000000 98.400000 80.000000
93.000000 40.000000 98.300000 75.000000
90.000000 38.000000 98.300000 71.000000
84.000000 36.000000 98.400000 68.000000
82.000000 37.000000 98.400000 75.000000
86.000000 37.000000 98.600000 76.000000
90.000000 39.000000 98.700000 74.000000
91.000000 40.000000 98.800000 69.000000
99.000000 32.000000 99.000000 73.000000
100.000000 34.000000 99.200000 75.000000
104.000000 45.000000 99.400000 72.000000
108.000000 48.000000 99.600000 69.000000
99.000000 38.000000 99.700000 68.000000
92.000000 33.000000 99.800000 68.000000
89.000000 25.000000 99.800000 71.000000
90.000000 31.000000 99.800000 77.000000
113.000000 48.000000 99.800000 84.000000
126.000000 54.000000 99.700000 84.000000
124.000000 54.000000 99.600000 77.000000
113.000000 54.000000 99.600000 71.000000
111.000000 49.000000 99.600000 73.000000
114.000000 48.000000 99.600000 68.000000
109.000000 42.000000 99.700000 63.000000
104.000000 42.000000 99.800000 64.000000
106.000000 37.000000 99.800000 68.000000
106.000000 36.000000 99.900000 67.000000
106.000000 39.000000 99.900000 67.000000
106.000000 39.000000 99.900000 73.000000
109.000000 41.000000 99.900000 73.000000
111.000000 43.000000 99.800000 71.000000
110.000000 49.000000 99.800000 75.000000
112.000000 46.000000 99.700000 77.000000
111.000000 45.000000 99.700000 73.000000
113.000000 47.000000 99.600000 70.000000
112.000000 47.000000 99.500000 72.000000
112.000000 43.000000 99.300000 70.000000
107.000000 42.000000 99.200000 68.000000
106.000000 40.000000 99.200000 72.000000
106.000000 37.000000 99.200000 72.000000
106.000000 39.000000 99.200000 71.000000
108.000000 45.000000 99.200000 77.000000
86.000000 44.000000 99.200000 75.000000
87.000000 45.000000 99.200000 78.000000
88.000000 49.000000 99.200000 81.000000
84.000000 41.000000 99.200000 84.000000
91.000000 47.000000 99.200000 81.000000
92.000000 50.000000 99.200000 77.000000
86.000000 47.000000 99.100000 77.000000
82.000000 41.000000 99.000000 80.000000
82.000000 40.000000 99.000000 76.000000
80.000000 38.000000 99.000000 73.000000
76.000000 39.000000 98.900000 75.000000
80.000000 39.000000 98.800000 79.000000
81.000000 41.000000 98.800000 77.000000
83.000000 44.000000 98.800000 74.000000
82.000000 46.000000 98.800000 77.000000
82.000000 46.000000 98.900000 80.000000
91.000000 48.000000 98.900000 77.000000
79.000000 41.000000 99.000000 71.000000
78.000000 40.000000 99.000000 67.000000
73.000000 35.000000 99.100000 64.000000
106.000000 38.000000 99.200000 72.000000
104.000000 44.000000 99.200000 67.000000
98.000000 38.000000 99.200000 70.000000
88.000000 33.000000 99.100000 72.000000
103.000000 47.000000 99.000000 81.000000
110.000000 44.000000 98.900000 87.000000
119.000000 59.000000 98.800000 83.000000
118.000000 58.000000 98.700000 73.000000
119.000000 62.000000 98.500000 66.000000
120.000000 59.000000 98.400000 70.000000
113.000000 39.000000 98.300000 66.000000
110.000000 46.000000 98.200000 65.000000
100.000000 55.000000 98.100000 71.000000
96.000000 50.000000 98.100000 76.000000
90.000000 48.000000 98.000000 75.000000
90.000000 45.000000 98.000000 82.000000
101.000000 50.000000 98.100000 87.000000
111.000000 59.000000 98.100000 86.000000
120.000000 67.000000 98.100000 87.000000
116.000000 64.000000 98.100000 90.000000
106.000000 59.000000 98.100000 88.000000
99.000000 50.000000 98.200000 87.000000
93.000000 43.000000 98.400000 86.000000
96.000000 45.000000 98.500000 84.000000
93.000000 43.000000 98.600000 82.000000
90.000000 41.000000 98.800000 82.000000
91.000000 40.000000 98.900000 79.000000
92.000000 42.000000 99.000000 81.000000
93.000000 44.000000 99.000000 81.000000
95.000000 47.000000 99.000000 86.000000
101.000000 51.000000 98.900000 84.000000
101.000000 54.000000 98.800000 81.000000
99.000000 53.000000 98.700000 76.000000
101.000000 52.000000 98.600000 79.000000
101.000000 53.000000 98.500000 76.000000
101.000000 54.000000 98.300000 76.000000
101.000000 52.000000 98.200000 79.000000
101.000000 54.000000 98.100000 79.000000
103.000000 56.000000 98.000000 78.000000
102.000000 55.000000 98.000000 76.000000
101.000000 57.000000 97.900000 77.000000
103.000000 58.000000 97.900000 84.000000
105.000000 57.000000 97.900000 82.000000
105.000000 55.000000 97.900000 75.000000
102.000000 49.000000 98.000000 67.000000
98.000000 45.000000 98.000000 65.000000
94.000000 44.000000 98.000000 67.000000
90.000000 42.000000 98.100000 71.000000
92.000000 46.000000 98.200000 80.000000
98.000000 47.000000 98.200000 81.000000
102.000000 51.000000 98.300000 78.000000
104.000000 55.000000 98.300000 75.000000
103.000000 56.000000 98.400000 77.000000
105.000000 56.000000 98.400000 77.000000
102.000000 52.000000 98.400000 69.000000
95.000000 46.000000 98.500000 65.000000
92.000000 46.000000 98.500000 71.000000
94.000000 45.000000 98.500000 73.000000
91.000000 46.000000 98.500000 71.000000
88.000000 45.000000 98.600000 72.000000
91.000000 45.000000 98.600000 81.000000
96.000000 48.000000 98.700000 80.000000
96.000000 47.000000 98.800000 74.000000
104.000000 41.000000 98.800000 70.000000
84.000000 41.000000 98.900000 67.000000
83.000000 47.000000 98.900000 76.000000
88.000000 45.000000 98.900000 79.000000
80.000000 37.000000 98.800000 75.000000
77.000000 36.000000 98.800000 72.000000
78.000000 38.000000 98.800000 76.000000
78.000000 35.000000 98.800000 76.000000
79.000000 38.000000 98.800000 76.000000
84.000000 40.000000 98.800000 79.000000
85.000000 42.000000 98.900000 75.000000
84.000000 43.000000 99.000000 72.000000
82.000000 44.000000 99.000000 75.000000
83.000000 42.000000 99.100000 78.000000
84.000000 42.000000 99.200000 75.000000
83.000000 42.000000 99.200000 72.000000
82.000000 44.000000 99.300000 73.000000
84.000000 43.000000 99.300000 75.000000
85.000000 42.000000 99.300000 73.000000
85.000000 43.000000 99.400000 72.000000
86.000000 47.000000 99.400000 76.000000
89.000000 47.000000 99.300000 78.000000
92.000000 48.000000 99.200000 75.000000
98.000000 52.000000 99.200000 72.000000
103.000000 57.000000 99.100000 75.000000
107.000000 55.000000 99.000000 74.000000
102.000000 51.000000 99.000000 71.000000
100.000000 49.000000 98.900000 67.000000
95.000000 47.000000 98.900000 70.000000
95.000000 44.000000 98.900000 71.000000
93.000000 44.000000 99.000000 71.000000
93.000000 50.000000 99.000000 74.000000
96.000000 49.000000 99.000000 78.000000
95.000000 49.000000 99.100000 74.000000
92.000000 47.000000 99.100000 71.000000
91.000000 48.000000 99.100000 75.000000
91.000000 45.000000 99.200000 73.000000
88.000000 44.000000 99.200000 70.000000
85.000000 44.000000 99.200000 71.000000
85.000000 44.000000 99.200000 76.000000
85.000000 42.000000 99.200000 73.000000
83.000000 43.000000 99.200000 73.000000
84.000000 46.000000 99.200000 76.000000
86.000000 46.000000 99.200000 76.000000
86.000000 46.000000 99.200000 73.000000
83.000000 47.000000 99.200000 71.000000
82.000000 43.000000 99.100000 72.000000
80.000000 41.000000 99.100000 71.000000
79.000000 42.000000 99.100000 70.000000
82.000000 44.000000 99.100000 72.000000
82.000000 42.000000 99.100000 70.000000
81.000000 44.000000 99.200000 69.000000
82.000000 43.000000 99.300000 69.000000
82.000000 42.000000 99.500000 66.000000
78.000000 42.000000 99.600000 65.000000
79.000000 42.000000 99.700000 70.000000
90.000000 48.000000 99.700000 70.000000
77.000000 40.000000 99.600000 68.000000
84.000000 47.000000 99.500000 73.000000
87.000000 48.000000 99.500000 73.000000
86.000000 47.000000 99.400000 71.000000
87.000000 50.000000 99.300000 72.000000
90.000000 50.000000 99.100000 74.000000
94.000000 50.000000 99.100000 71.000000
97.000000 52.000000 98.900000 69.000000
101.000000 54.000000 98.700000 72.000000
103.000000 53.000000 98.400000 71.000000
101.000000 54.000000 98.200000 71.000000
104.000000 58.000000 97.700000 76.000000
105.000000 56.000000 97.400000 73.000000
104.000000 56.000000 97.000000 72.000000
105.000000 60.000000 96.700000 73.000000
103.000000 38.000000 96.600000 77.000000
101.000000 43.000000 96.600000 74.000000
110.000000 46.000000 96.700000 77.000000
112.000000 47.000000 96.900000 81.000000
118.000000 56.000000 97.200000 80.000000
117.000000 53.000000 97.500000 74.000000
113.000000 51.000000 97.700000 75.000000
107.000000 42.000000 97.900000 74.000000
99.000000 35.000000 98.000000 72.000000
108.000000 46.000000 98.000000 77.000000
102.000000 57.000000 98.000000 78.000000
97.000000 53.000000 97.900000 83.000000
98.000000 54.000000 97.800000 90.000000
96.000000 51.000000 97.800000 92.000000
99.000000 52.000000 97.700000 94.000000
103.000000 56.000000 97.700000 91.000000
106.000000 57.000000 97.800000 94.000000
109.000000 59.000000 97.900000 91.000000
109.000000 58.000000 98.000000 87.000000
105.000000 53.000000 98.100000 80.000000
98.000000 47.000000 98.200000 74.000000
94.000000 43.000000 98.300000 71.000000
89.000000 40.000000 98.400000 71.000000
81.000000 38.000000 98.500000 73.000000
88.000000 43.000000 98.600000 83.000000
96.000000 47.000000 98.700000 83.000000
99.000000 50.000000 98.800000 77.000000
102.000000 51.000000 98.800000 71.000000
101.000000 51.000000 98.900000 67.000000
99.000000 53.000000 98.900000 71.000000
100.000000 49.000000 98.900000 69.000000
