67.000000 47.000000 99.600000 156.000000
66.000000 46.000000 99.500000 154.000000
67.000000 46.000000 99.400000 153.000000
69.000000 47.000000 99.300000 152.000000
68.000000 49.000000 99.100000 151.000000
69.000000 50.000000 98.900000 150.000000
66.000000 48.000000 98.800000 150.000000
65.000000 46.000000 98.600000 149.000000
63.000000 49.000000 98.500000 148.000000
64.000000 43.000000 98.300000 147.000000
65.000000 44.000000 98.300000 147.000000
69.000000 51.000000 98.200000 146.000000
71.000000 52.000000 98.200000 145.000000
70.000000 52.000000 98.300000 143.000000
66.000000 48.000000 98.300000 142.000000
63.000000 50.000000 98.300000 141.000000
65.000000 45.000000 98.300000 140.000000
67.000000 46.000000 98.400000 138.000000
69.000000 51.000000 98.400000 137.000000
71.000000 52.000000 98.300000 136.000000
68.000000 49.000000 98.300000 136.000000
65.000000 46.000000 98.300000 135.000000
63.000000 49.000000 98.200000 134.000000
64.000000 44.000000 98.200000 134.000000
67.000000 50.000000 98.200000 133.000000
71.000000 51.000000 98.100000 133.000000
70.000000 51.000000 98.100000 133.000000
66.000000 48.000000 98.100000 133.000000
65.000000 46.000000 98.200000 134.000000
66.000000 46.000000 98.200000 134.000000
69.000000 48.000000 98.200000 135.000000
70.000000 51.000000 98.200000 135.000000
71.000000 52.000000 98.200000 134.000000
68.000000 49.000000 98.200000 133.000000
65.000000 47.000000 98.200000 132.000000
65.000000 46.000000 98.200000 131.000000
66.000000 46.000000 98.200000 130.000000
68.000000 49.000000 98.200000 130.000000
69.000000 49.000000 98.200000 129.000000
66.000000 48.000000 98.100000 129.000000
62.000000 45.000000 98.000000 129.000000
61.000000 43.000000 97.800000 129.000000
63.000000 43.000000 97.700000 129.000000
64.000000 44.000000 97.500000 128.000000
65.000000 46.000000 97.400000 127.000000
65.000000 46.000000 97.300000 126.000000
61.000000 44.000000 97.400000 125.000000
57.000000 42.000000 97.600000 124.000000
59.000000 42.000000 97.700000 122.000000
62.000000 41.000000 97.900000 121.000000
62.000000 44.000000 98.100000 121.000000
63.000000 45.000000 98.300000 120.000000
57.000000 43.000000 98.400000 120.000000
56.000000 42.000000 98.500000 120.000000
58.000000 41.000000 98.400000 120.000000
60.000000 40.000000 98.400000 120.000000
61.000000 42.000000 98.400000 120.000000
62.000000 43.000000 98.400000 120.000000
57.000000 42.000000 98.300000 119.000000
57.000000 42.000000 98.300000 119.000000
60.000000 42.000000 98.300000 120.000000
60.000000 42.000000 98.300000 120.000000
60.000000 43.000000 98.200000 120.000000
58.000000 43.000000 98.200000 121.000000
55.000000 41.000000 98.200000 121.000000
58.000000 40.000000 98.200000 122.000000
56.000000 40.000000 98.200000 122.000000
55.000000 41.000000 98.200000 123.000000
53.000000 41.000000 98.300000 123.000000
51.000000 40.000000 98.300000 123.000000
50.000000 40.000000 98.300000 123.000000
56.000000 43.000000 98.300000 122.000000
61.000000 47.000000 98.400000 122.000000
67.000000 52.000000 98.400000 122.000000
69.000000 56.000000 98.400000 121.000000
71.000000 59.000000 98.400000 121.000000
69.000000 58.000000 98.400000 121.000000
67.000000 57.000000 98.300000 121.000000
