133.978202 60.144727
133.095523 60.484635
132.212843 60.824543
132.909946 61.164451
135.197633 61.504358
137.485320 61.844266
139.773007 62.184174
142.060695 62.680294
144.348382 63.651695
144.344203 64.623097
143.367353 65.594499
142.390502 66.565900
141.413652 67.537302
140.436802 67.711602
140.952478 67.866831
142.218499 68.022061
143.484520 68.177290
144.750541 68.332520
146.016561 67.041722
146.741799 65.439866
145.400475 63.838009
144.059150 62.236152
142.717826 60.634295
141.376501 59.032438
140.035177 57.583534
138.693852 59.511109
139.477329 61.438684
140.556484 63.366259
141.635639 65.293833
142.714794 67.221408
143.793949 67.142219
143.668372 66.304795
143.354229 65.467371
143.040085 64.629946
142.725942 63.792522
142.411799 62.955098
142.612888 62.117673
142.995369 64.324587
143.377850 66.635542
143.760331 68.946497
144.142812 71.257452
144.525293 73.568407
144.907774 75.879362
145.290255 74.781459
145.672736 73.411782
146.055218 72.042106
146.437699 70.672429
146.820180 69.302753
147.202661 67.933076
147.585142 66.563400
147.852621 65.193723
145.739112 63.824047
143.625604 62.454370
141.512095 62.777715
139.398586 63.300538
137.285078 63.823360
136.878094 64.346183
139.226012 64.869006
141.573931 65.391829
143.921849 65.914652
146.269767 66.437474
147.653554 66.960297
147.479762 67.439382
147.305970 67.271775
147.132178 67.104168
146.958386 66.936561
146.784595 66.768953
146.610803 66.601346
146.437011 66.433739
146.263219 66.266132
146.089427 66.098525
145.915635 65.977256
145.741844 66.664759
145.568052 67.352262
145.394260 68.039765
145.009529 68.727268
144.529046 69.414771
144.048563 70.102274
143.568079 70.789777
143.087596 71.477280
142.607113 72.164783
142.126630 70.793907
142.199371 69.311898
142.539675 67.829889
142.879979 66.347880
143.220283 64.865871
143.560587 63.383862
143.900891 62.831923
144.241196 64.232654
144.581500 65.633385
144.921804 67.034116
145.235642 68.434847
145.362060 69.835578
145.488477 70.811677
145.614895 71.679585
145.741312 72.547492
145.867730 73.415400
145.994147 74.283307
146.120565 72.743620
146.246982 69.677959
146.373400 66.612299
146.499817 63.546639
146.626235 60.480978
146.752652 59.212134
146.879070 59.579196
147.005487 59.946258
147.131905 60.313321
147.258322 60.680383
147.384740 61.047445
147.511157 61.414507
147.637575 61.781569
147.763992 62.148632
146.015189 62.383213
142.217383 62.290184
138.419577 62.197155
134.621771 62.104127
130.823965 62.011098
127.026160 61.918069
123.228354 61.825041
119.430548 61.732012
115.632742 61.638983
113.488918 61.545955
114.292729 61.452926
115.096540 61.359897
115.900351 61.266869
116.704163 61.173840
117.507974 61.080811
118.311785 60.987782
117.229808 60.894754
114.706511 60.801725
112.183213 60.708696
109.659916 60.615668
107.136619 60.522639
106.016742 60.429610
109.854834 60.336582
113.692926 60.243553
117.531018 60.150524
121.369110 60.066577
125.208893 60.310900
129.113774 60.555222
133.018654 60.799545
136.923534 61.043867
140.828414 61.288190
144.733294 61.532512
142.232051 61.776835
137.930333 62.021157
133.628615 62.265480
129.326897 62.275156
125.025178 62.077810
120.865676 61.880465
120.472049 61.683120
120.078422 61.485775
119.684796 61.288429
119.291169 61.793145
118.897542 62.467635
119.117751 63.142125
